8324.31
3944.49
4612.58
7611.30
3381.10
6623.97
2340.07
408.48
5452.28
4460.70
6713.86
7873.50
1388.62
4653.97
6785.03
4894.83
3418.63
1509.19
1592.81
9990.33
1514.69
130.16
7282.54
1997.87
7784.55
3221.92
4255.56
4998.63
4490.38
9875.55
1103.58
155.21
7883.58
4689.61
5723.25
4801.78
2126.79
2429.19
2706.51
2595.75
1138.05
3581.45
7888.07
5798.18
8166.41
1850.49
928.08
2948.77
3198.77
1460.37
9194.16
2898.36
9054.99
8652.03
5923.92
9259.43
278.71
6125.06
5581.52
8136.65
7834.38
672.46
6486.56
5027.24
7442.67
1832.62
305.03
384.03
6788.54
1583.30
9112.13
1898.36
1752.30
7807.67
1426.24
546.79
6191.29
9101.11
722.00
5644.68
8949.89
5406.47
8366.10
2199.21
7969.01
1072.23
2091.50
2619.21
3638.49
4092.58
7428.09
6071.54
450.11
231.94
9774.03
9399.60
7940.28
6020.65
7247.05
932.28
3698.36
7571.27
2159.76
8172.67
6725.98
2522.15
6687.14
944.21
2789.21
1527.84
8003.15
5882.62
950.07
8087.72
6948.58
9590.23
83.02
5239.78
3836.82
6986.97
4203.80
6225.26
4045.91
4610.91
1065.96
6327.79
8467.50
9951.27
9130.70
4040.66
309.77
403.44
7054.41
8693.24
9694.58
7130.59
9503.49
6342.72
6300.23
969.23
4396.41
3474.01
5017.28
9277.70
257.55
9799.64
2062.94
4083.62
6182.72
1828.60
2597.00
1546.87
2009.08
1859.20
1243.54
5455.59
2899.40
9371.61
9225.39
8869.32
746.26
2890.28
5245.87
6872.64
5765.33
9224.18
6285.95
9690.77
9284.00
480.13
3120.88
4989.85
4174.06
2481.95
8979.39
1059.91
9952.60
9720.75
1928.90
9477.65
7056.91
8834.43
6276.90
7046.45
7034.25
9313.20
4330.50
5338.50
2326.81
1905.18
8965.79
8801.64
4162.42
2870.29
4122.29
6504.20
6108.93
333.38
2332.51
3012.81
7440.55
7364.50
1827.16
2649.06
4132.83
814.31
4384.51
3648.72
1423.86
3581.50
3225.43
3491.06
4315.94
9292.44
603.33
9222.12
8580.88
5193.68
5029.52
4682.61
4171.58
9254.38
4859.73
2040.69
4819.62
5814.92
6770.64
7870.66
9672.98
6477.69
5801.42
4667.85
2886.50
7157.66
9273.80
7651.08
1990.68
105.87
2487.32
65.60
9529.92
7108.19
9445.85
213.78
735.15
4466.51
120.94
4372.44
3091.56
9110.01
3498.95
5650.94
5378.03
3872.08
1089.32
1402.68
2655.45
4529.08
8780.58
581.97
8732.81
9029.33
2379.99
6554.46
6040.28
1528.18
6747.63
750.48
81.24
165.79
7347.74
7362.02
7035.31
4608.44
7938.29
8738.73
2190.08
8690.96
8.86
8171.40
6097.39
9125.87
4345.32
5319.34
32.65
364.82
420.75
9226.65
4983.02
9935.24
7266.13
8684.59
1599.03
2291.66
8534.02
2000.72
3248.77
3772.19
7568.50
7291.06
8091.51
3484.53
3258.39
3489.41
9346.93
2048.19
6170.95
1998.84
5049.35
93.81
5570.63
3320.17
7722.01
7303.63
7705.90
7272.21
4364.71
8188.88
5350.01
2077.11
8383.44
8157.30
3034.23
2767.98
411.73
5178.86
4488.23
2320.99
3656.81
4165.54
3553.73
1593.38
9373.90
377.44
9249.51
4913.27
5860.13
2273.75
2335.49
3947.30
2501.35
8340.77
850.53
3146.61
2051.88
5007.63
8404.81
6751.66
9923.30
1406.64
311.91
3047.88
4153.62
8986.33
6587.99
3223.17
4680.19
2784.62
9211.29
9395.17
1648.03
8629.56
2178.59
7600.29
4473.75
3015.09
6649.76
9004.68
7736.38
1508.71
4336.36
533.25
5036.18
9716.05
5254.53
9135.98
9755.45
3462.53
6851.78
2122.37
367.39
2236.09
7367.60
1158.79
8142.53
3875.40
2057.13
9204.77
7935.32
3604.90
6943.29
322.05
4823.42
3956.64
8482.28
9899.70
628.52
5866.31
2292.99
2729.87
8170.08
4977.84
9045.69
6788.04
6779.42
8715.24
3198.50
2750.25
7116.06
5841.88
603.08
7790.58
3414.69
5613.75
5486.97
5808.13
5525.72
6833.85
6153.59
3566.16
7109.16
4978.68
8938.83
3006.68
939.59
8871.61
5418.05
8376.79
1622.78
6227.54
2235.81
8782.26
6160.32
2684.69
6752.54
6852.78
2531.84
2456.56
9099.12
5964.24
1228.00
9559.80
2592.85
2726.54
121.17
6667.61
5065.02
2532.54
8959.84
1918.58
8550.65
6930.13
4672.48
164.76
1022.83
1277.33
5537.43
8116.25
2806.65
2153.44
6707.51
2331.62
4530.68
1803.81
5955.10
4442.64
350.34
6615.50
1325.21
3202.08
8343.76
5274.37
3256.36
980.78
7231.00
3416.21
5733.89
9381.82
9462.75
8993.45
7699.18
5890.51
5796.25
1060.00
933.23
2678.81
2933.31
7416.58
5726.99
490.27
4998.63
4664.72
2440.63
5031.70
9515.26
7096.01
2135.86
6599.15
8950.30
6933.23
2183.67
103.31
5432.57
5535.83
6569.47
8282.54
3209.85
6883.96
3865.48
1986.82
1279.88
410.21
2329.25
1158.64
5226.49
5294.10
9944.28
4012.13
7262.59
9828.15
4311.41
3193.67
5494.57
2940.59
353.15
4907.22
8885.53
1445.05
7991.49
6873.75
1478.51
6620.66
4033.23
6057.21
2130.29
1796.38
2811.00
5546.98
6421.61
2275.50
8334.44
6004.37
8752.73
8934.81
4424.78
4570.25
8441.67
6978.41
4392.12
9566.32
5398.82
6591.18
8261.57
3753.85
5458.37
6702.22
5946.86
7823.74
2932.43
4520.76
2779.67
7469.13
2577.83
2.09
3047.61
5292.87
4918.79
27.48
1829.30
6937.99
6480.50
9349.46
9323.94
2058.98
3050.22
8158.92
3059.33
4348.44
1325.35
5734.84
5071.15
903.65
290.41
5081.21
8630.09
7492.68
4664.55
2318.96
2048.25
2166.20
2221.16
4330.77
7198.41
5613.54
1064.76
5618.83
169.11
8705.84
8268.37
1654.22
4457.89
2142.71
8856.06
3964.76
263.12
3947.39
1568.24
4074.65
1970.33
8909.94
6561.94
6888.39
6048.25
5016.36
7038.97
636.93
2154.67
7644.64
8791.52
9464.32
2610.52
55.60
9270.41
1863.14
3342.53
911.89
8492.37
6772.20
385.04
8573.95
2951.56
8060.26
3717.57
8444.41
30.79
2013.75
1731.34
1097.48
1072.43
3508.94
4142.30
6650.91
924.95
9183.87
3994.83
7040.35
4372.30
2011.08
1347.39
5722.01
7846.45
8047.84
70.45
2679.73
9599.00
4153.07
1028.72
3853.45
8962.14
5352.95
6642.06
5840.67
4824.76
6224.82
3164.44
834.37
8175.19
302.74
218.27
7390.15
7140.36
5711.12
1090.91
6262.14
3644.03
7815.44
8896.27
503.47
8168.93
9949.70
4738.11
7451.65
5402.28
5791.33
2730.17
2207.07
8277.85
2676.85
9687.90
8845.49
1509.95
2644.19
1038.50
133.54
802.52
8142.67
5918.22
6845.50
2018.16
554.89
9439.69
8950.14
3985.95
9139.91
4248.60
6115.00
6679.73
8229.39
7498.00
1092.13
5871.05
7485.84
5055.19
6954.21
4688.11
3991.43
3709.02
4998.13
4003.72
9493.69
9849.34
2442.07
7261.20
9127.60
6315.10
9666.81
7321.79
260.18
2126.58
1689.90
1069.82
787.41
5514.25
5850.61
22.03
8703.55
5337.93
3199.11
8682.85
342.12
2672.26
931.18
5083.73
8250.74
7157.76
5674.47
8058.80
9544.50
3654.73
6505.86
7453.87
2217.15
3997.92
4296.10
4013.69
5725.82
7083.56
1273.49
1976.50
1157.17
6173.04
4361.95
3284.22
2464.89
5448.79
7222.64
1210.43
9183.88
7754.65
7472.23
5157.05
3934.01
9094.20
7209.39
3473.77
1230.01
5780.29
1894.18
8489.81
9053.75
4589.76
2108.41
4332.27
2523.24
5246.87
6369.22
1664.81
1288.31
2252.85
823.03
2009.35
9368.11
8352.20
7947.35
3760.28
819.04
1577.47
5696.46
5506.85
4324.18
7160.48
5763.07
1077.96
2235.96
3182.55
7855.59
1291.97
2225.08
9462.35
6768.00
6044.47
6107.46
1349.93
5809.23
2509.58
6729.14
5140.64
3432.86
8686.01
8090.59
7787.58
3248.28
8026.26
82.43
2857.41
8359.77
8975.03
9381.02
4467.97
8563.34
9309.26
5594.20
53.49
5015.94
6168.12
6491.47
6166.38
1010.42
8194.10
2604.37
8277.14
6658.81
5103.04
6080.13
6403.48
7000.05
1459.34
985.42
7004.54
201.19
8045.95
1586.48
8284.63
7599.76
6880.05
503.28
5281.26
4683.04
822.89
3504.13
4461.92
3100.96
836.91
4331.40
4803.58
687.30
1010.65
4929.53
5578.93
7007.37
1990.06
160.87
8904.37
9050.59
6299.75
7958.08
854.56
7554.91
2714.74
7505.36
941.75
7245.99
228.10
7465.36
146.60
7288.63
330.33
6927.11
9202.78
4705.13
6795.44
2982.05
2386.63
6430.51
2209.89
8910.24
805.31
1520.49
734.36
395.93
2809.79
1262.26
4926.37
4012.45
7417.49
9974.43
5610.13
3855.47
8832.10
6005.42
3292.09
9828.77
4593.21
9993.73
7816.99
5174.91
4490.04
42.41
9756.84
1550.57
2875.33
6036.88
8611.10
968.91
1719.57
1868.20
8029.44
8780.10
8721.60
6540.19
8544.87
3685.39
3722.22
3663.72
2427.24
1403.71
8640.98
6485.74
8464.24
7868.83
64.07
5524.77
8341.41
5163.26
2048.39
5072.15
1686.87
7581.07
3290.56
9905.28
3495.10
8202.28
6965.81
555.63
9960.22
1547.75
1844.93
2323.34
3444.75
9338.96
126.33
4367.40
6399.49
7186.86
1427.93
6888.63
8546.96
5247.31
3915.02
8498.61
9148.01
6228.04
9667.22
9659.94
5781.85
6105.20
6526.08
2687.32
2835.95
3586.61
9747.85
7747.67
3631.39
1293.03
5429.16
6581.34
4852.06
5175.41
3466.79
1912.59
4923.61
5344.49
9910.40
9505.55
5646.17
8128.81
3386.16
623.43
7547.22
446.69
388.19
1366.61
4821.50
3221.11
8427.13
2089.16
263.70
6365.52
307.57
630.92
6215.92
5064.23
49.34
3276.45
2124.76
4784.60
7772.75
9965.78
1429.72
3491.89
6811.39
7477.26
2719.74
3871.92
4537.79
4597.44
6790.46
9314.12
1657.97
5774.74
8348.95
3117.53
1771.45
6567.36
9641.14
8831.98
5758.76
2681.19
728.99
8209.82
2669.12
9847.33
7605.20
7473.80
6407.75
2547.59
1622.61
8198.00
3474.18
3201.93
8012.48
6758.08
8289.23
1346.45
1669.80
5003.41
9569.32
3773.94
7228.83
7787.73
9251.67
2206.09
9128.52
5775.28
9892.05
745.51
2835.81
6952.58
7269.12
7747.53
1864.30
856.01
8319.71
5121.41
620.77
5080.07
4675.22
5999.98
1257.34
7351.92
2645.09
8317.87
1726.73
7828.55
3.64
1813.93
9425.39
9574.01
6188.73
2557.10
6097.63
5398.07
1067.85
7907.64
931.40
5687.23
1913.48
3034.90
8495.60
8005.12
95.43
2991.90
3627.90
2910.41
52.43
2369.75
5496.29
507.23
8906.84
5448.67
5021.47
5687.35
7240.74
4973.70
2210.96
4191.66
4564.32
15.54
6971.27
267.18
4591.08
5644.74
9763.73
7120.28
9640.58
2182.17
6936.17
9405.34
2983.96
3599.22
342.10
7338.67
9319.37
5098.76
7998.23
1614.22
7113.59
1852.90
8394.73
4555.97
8290.89
7691.65
174.29
509.54
6291.91
6819.41
8592.98
5519.76
6477.55
715.05
376.53
4493.29
5089.86
4195.91
1359.44
4640.14
5118.55
1935.73
1700.67
4011.15
8459.35
165.39
500.63
6283.01
1782.38
732.88
5230.84
6981.16
8876.23
6357.07
6654.25
1412.92
1736.27
3177.87
1365.15
3353.26
3535.35
4697.02
7334.73
7848.64
9835.39
1867.48
4703.77
7050.97
7773.65
4247.78
1124.58
3121.30
7603.63
3497.83
8585.71
5977.10
2862.23
2144.73
831.55
591.82
6111.32
4475.85
4984.56
2634.93
7165.03
5939.04
904.48
338.89
4745.92
9224.88
9011.31
5273.81
9196.19
8943.30
6437.30
4002.04
2135.83
2280.19
2066.62
5746.58
9771.76
1791.79
379.66
8496.66
1588.38
1944.36
5557.19
5331.05
9778.67
1342.54
387.24
8438.20
5619.55
3269.92
9897.91
2709.60
2304.76
8671.59
2177.79
7057.11
5626.25
2003.56
6969.01
6910.50
4331.61
4460.58
3600.71
3921.07
7843.45
8406.56
2243.31
171.50
266.33
4188.71
1662.89
1876.64
9739.33
3141.96
4379.77
9259.58
7268.88
8750.76
9074.11
6702.13
1633.44
3424.94
2416.65
9424.54
6453.16
9453.21
6330.01
516.12
2754.19
701.00
2681.70
5029.37
4463.78
9966.14
8099.93
2403.54
523.13
4063.66
6983.75
3991.64
8871.45
293.74
3335.44
343.33
1131.18
7777.94
9776.58
1632.85
4830.85
7404.27
2676.57
2268.62
9732.32
4951.76
2621.43
8814.70
4903.99
5983.85
7622.52
4630.41
9470.94
7676.16
2742.94
1154.25
2792.43
5748.50
7986.56
7700.33
1622.71
9931.96
4447.85
6428.56
2965.54
4966.39
1682.46
3498.32
2475.32
7785.19
6566.68
9386.37
696.98
8340.73
3479.07
5551.44
8086.99
4487.34
6795.24
8255.99
4587.64
2774.93
5170.38
2655.06
8271.07
4909.30
1784.95
2263.36
3528.99
3847.73
4794.58
5133.71
5627.48
561.09
8384.35
5616.94
5143.03
8339.68
8571.63
1494.22
9838.60
2924.83
5127.51
6996.49
4628.37
447.36
7584.21
6361.90
8989.12
3243.01
1035.51
1513.92
7192.05
7476.07
3359.79
9503.10
6740.36
8398.69
2453.05
7591.49
4018.16
2582.22
4209.66
3010.28
8979.72
2342.59
1535.55
61.44
7700.22
8677.32
7523.49
4102.56
8754.10
8967.84
2568.12
3297.83
2102.59
1934.48
5534.49
9682.10
90.23
6458.71
3659.42
8869.59
139.95
2029.25
2904.10
8916.79
5960.35
4703.86
2181.71
6038.12
2381.38
8455.20
7757.37
5497.79
4572.01
6210.19
2717.33
3996.06
2691.37
6381.98
6221.07
4272.85
854.59
7967.49
2525.74
9607.58
9642.29
7612.90
7248.80
2817.38
7595.63
1151.23
449.75
5291.96
4183.07
2001.46
8142.08
6916.16
8917.28
717.60
8667.08
5248.05
2693.81
4153.54
4095.04
3730.46
7664.45
8378.58
4734.48
1439.80
472.14
2059.67
9463.93
2546.38
6144.33
1139.88
2860.30
6061.10
6963.65
7359.63
8158.82
2126.06
3035.73
7952.16
4135.64
8797.36
972.45
1010.19
196.22
8259.25
7418.42
4168.18
8281.56
6367.23
3619.42
6673.18
7056.94
1942.38
8353.24
1265.51
9542.96
2408.67
8746.42
1964.57
6647.11
5913.80
2140.05
9303.53
7303.35
8207.06
6807.09
6915.62
2380.28
6157.86
9960.34
4443.61
229.12
7908.08
3770.40
1899.02
7312.86
1374.02
3516.20
3349.16
9618.28
1084.12
8720.81
4735.62
5133.89
1819.18
2325.82
2881.43
2641.70
9687.46
8082.67
8433.92
3174.66
8325.46
6237.34
5918.13
9932.22
7935.99
7434.45
2169.80
4674.59
9687.57
9620.17
1876.19
4113.53
1574.34
7896.68
5109.97
2290.77
1503.65
602.16
5505.04
9832.89
6518.51
6191.80
5807.93
422.20
9842.79
7506.70
1045.30
6490.97
6654.03
1472.27
274.14
4806.81
7650.47
8116.88
6945.44
1412.46
9216.95
5373.58
5379.31
4085.11
8302.48
8360.88
3125.32
3234.58
8084.65
4118.05
4832.18
9829.34
130.94
4121.60
7408.85
4073.82
1248.13
7682.00
1639.75
8807.22
7558.17
5673.37
2088.62
1761.90
4776.13
598.19
251.70
1887.48
2141.98
2333.30
3549.05
9599.80
1564.21
8719.04
7339.98
9109.73
8883.59
9085.94
6708.41
5360.51
8757.38
8593.22
9008.86
5269.82
683.67
4246.24
5654.16
213.78
9556.11
2153.80
5947.21
3645.26
8184.87
5301.12
428.22
451.53
6791.80
1841.15
4699.56
8466.60
8147.48
2911.92
2798.68
2936.19
6926.84
9781.43
3854.86
1851.52
4978.06
2667.65
5257.49
1984.74
94.39
969.02
8547.30
9985.92
9812.62
2678.52
2120.70
57.75
875.17
2099.57
3526.80
8902.94
8674.32
7865.16
889.60
4951.05
1192.35
9571.83
6361.85
3807.87
7080.76
6572.13
8601.88
63.60
4763.80
7604.17
6991.61
2287.20
2282.65
1383.62
4837.36
1797.13
9602.03
1702.14
2091.19
127.45
2450.21
8792.77
2437.08
8487.83
8837.55
6829.24
6285.70
3528.52
3096.19
4935.15
7337.31
6963.22
9738.33
3105.56
8075.87
3265.80
4465.66
9453.90
8431.26
876.78
8637.73
2835.78
5366.93
3894.74
8525.52
3979.13
6785.01
9853.07
2889.67
1619.94
9674.97
3319.28
147.83
1356.69
7564.43
8047.35
1497.27
195.49
7354.05
3275.11
3569.87
3096.75
9051.22
1918.86
2379.33
5794.13
5817.44
7655.46
546.97
3958.80
2766.63
4913.62
6176.03
4291.22
7688.08
1851.37
549.60
4121.01
9267.09
1569.61
4982.24
9887.05
8504.17
1360.17
3250.26
3872.23
7322.15
1709.35
7762.43
7503.72
4662.27
9030.17
1733.25
1798.45
8871.37
9819.66
6978.21
8899.46
3267.35
4133.69
650.39
391.68
9916.23
8529.67
419.77
5014.10
8700.76
7997.13
9801.59
4912.68
1844.80
9292.77
3380.95
3554.21
4907.39
9294.59
891.60
6209.74
1320.83
3245.06
6136.57
5687.29
5997.41
7420.02
4890.42
5034.57
6107.73
3266.28
4894.96
1566.36
759.76
7832.68
2025.49
3654.17
7291.56
2680.17
6054.98
1218.05
4562.19
8199.57
2022.32
9476.30
6354.84
6871.15
1453.41
776.40
1221.92
6857.09
6765.69
4611.50
7317.37
7347.47
1765.35
5958.25
1689.38
1824.42
5673.33
2551.87
1422.73
3375.80
4983.66
9041.08
5136.32
4617.83
3157.50
6929.79
6533.95
5890.28
6406.60
3944.01
3610.19
4561.86
1097.87
3069.07
5161.57
8311.32
4847.33
9504.25
455.92
6900.26
1351.59
1500.21
2883.01
1412.19
835.99
4003.67
8629.83
1797.51
4430.50
2621.44
7094.27
4429.06
8084.96
9692.82
7798.98
8264.16
2838.82
5123.25
7946.94
319.47
8687.55
3815.12
2951.22
4177.22
2904.35
8811.77
3230.80
6398.48
343.41
7653.46
6834.79
7388.98
6497.42
8611.43
4882.20
1706.25
5082.21
3774.58
4290.90
4079.54
245.37
4765.08
6304.30
5904.79
1739.32
6356.60
8190.59
4356.42
7233.56
383.31
156.90
6639.10
2784.12
1654.98
6332.41
4489.90
7241.98
1343.12
4407.23
3936.20
4348.73
3043.13
1892.19
348.21
1761.68
8329.52
1755.46
2806.12
8587.79
9864.93
2758.63
7727.63
3943.44
4456.65
8439.34
1779.66
3193.13
8944.03
8124.43
8864.66
8738.93
3082.85
6508.80
5468.80
4649.20
8075.15
9416.20
176.58
3033.57
982.55
6784.95
5098.08
7840.72
3227.71
3740.92
9749.60
2567.84
7954.82
9872.91
3835.77
39.47
9219.87
5001.54
2228.37
8701.55
4796.44
2817.07
7524.92
6705.32
5995.32
6004.50
5548.82
5095.72
9439.64
3089.50
3188.67
3976.09
3542.16
7906.24
6672.16
979.93
4803.36
2423.94
1635.93
4096.52
4958.25
2245.26
5950.92
4368.19
7883.58
9348.19
4198.26
6321.75
283.82
1405.90
5111.56
4291.96
8355.86
7918.11
4526.26
8353.42
2160.43
1133.70
2598.31
3707.12
5118.97
1974.11
8381.21
8340.94
3191.01
2717.76
960.88
935.56
31.18
8931.56
1788.55
3117.76
7181.66
6725.21
2784.59
1428.08
4749.09
6694.14
4299.36
2744.25
2947.56
4412.17
4273.80
2046.34
3168.41
7512.34
5927.19
4640.95
1673.12
3312.81
3516.12
5102.23
3432.30
9336.04
7979.53
4265.13
3632.42
4186.60
5308.68
478.93
959.16
768.15
7477.15
3762.75
1383.32
3024.20
4488.81
3478.64
6055.61
7190.43
1398.02
7057.25
3445.65
9194.33
9879.60
8315.96
2659.88
2137.35
1917.65
2242.46
8528.06
44.16
8480.51
7490.50
8398.88
3226.61
6962.10
1410.95
1891.18
4500.20
9143.14
6051.28
6768.43
8284.53
3947.58
5867.20
465.57
9156.87
361.59
946.76
7386.48
3477.69
806.35
9294.20
136.26
2290.43
3948.63
5070.71
6546.32
5446.71
1856.60
95.00
5619.78
8228.79
6872.28
8354.02
5145.77
6576.24
4503.52
9261.92
7416.31
1709.53
6831.85
3703.55
961.94
5719.19
3426.71
9744.94
6030.54
7165.36
5999.55
3063.55
3004.78
3910.97
6453.80
4835.20
3821.21
3057.42
3448.20
4929.94
6773.41
8884.26
7351.29
4550.96
3565.56
9837.01
904.13
2820.59
3034.34
9144.86
678.67
1365.10
8257.42
8619.83
9564.66
3959.72
1804.20
2974.68
9394.73
6558.16
2721.32
6129.91
330.58
860.79
9882.45
6045.62
160.65
2333.33
6191.47
5958.33
353.39
2061.57
1884.54
6279.60
4746.63
5395.58
4556.68
2206.78
6601.83
5469.23
4419.38
7064.04
1285.53
9625.96
5230.71
211.86
8835.69
233.17
8056.84
4341.50
1232.29
7581.77
4278.86
8673.91
5981.49
9157.03
2599.76
9731.81
6203.36
1535.70
2894.43
4964.12
8077.06
9817.07
4107.19
7220.14
1887.44
1689.60
538.48
2053.43
4120.38
7857.03
4484.22
5205.14
6720.08
8117.57
1108.43
5520.63
3151.37
2205.55
5855.41
9970.45
3827.22
3231.53
8576.61
7184.23
8872.74
3939.43
8889.11
2273.73
5851.85
4700.74
3722.40
6801.21
5162.95
7079.41
9769.34
143.91
9702.49
3446.90
5277.74
9496.34
2445.40
6248.59
7158.92
4079.18
3240.27
9123.42
2805.11
5482.40
3586.08
5792.73
5381.52
4005.70
148.05
2082.45
755.46
3308.45
7166.59
6602.74
405.92
7290.48
3870.79
1240.96
6846.39
8500.77
5081.08
427.31
1506.11
3160.49
2007.07
3869.05
7465.11
4990.91
6194.01
9790.06
3111.29
4765.67
8964.12
4310.35
5622.20
1463.18
2580.65
419.67
7237.57
3817.88
1728.33
2845.80
2903.06
9184.05
374.40
3497.68
4668.94
188.74
263.14
236.20
4039.39
4654.08
7993.24
8604.55
2286.24
4561.91
5765.00
6295.21
61.68
8821.26
5207.18
8442.78
7878.92
102.13
3698.19
5504.86
7054.30
1986.27
9293.84
287.01
1282.98
2400.44
8127.37
7162.30
5038.62
6162.45
2342.17
3459.64
2408.94
285.25
2025.26
7545.07
9179.29
9051.09
705.47
6532.97
129.03
5287.00
820.43
1972.03
5238.30
1713.68
6955.19
8539.29
2220.98
9590.38
1626.61
4265.24
5175.57
923.32
7309.24
9431.11
1984.10
3499.05
6838.21
1362.79
6989.04
1101.85
5550.05
3900.02
8860.94
6705.43
283.55
6163.32
5781.85
9445.61
4601.49
5718.95
9194.45
3898.20
5101.29
4037.32
3678.40
5593.14
5753.17
6904.77
8022.24
1618.29
8561.15
5932.69
7135.79
731.84
9277.06
4117.14
7577.80
7013.94
695.63
4810.67
5671.24
7842.95
7434.15
3233.97
5352.85
178.95
4081.75
9237.63
2698.29
3815.76
7894.93
7969.33
1184.11
2044.68
1996.23
9075.86
1299.07
2416.53
6292.61
1638.84
6880.35
9640.48
757.94
1753.91
7581.42
7431.55
5307.87
6425.33
6487.84
6201.11
5236.04
6353.51
4229.83
8971.23
2333.61
3536.44
5451.17
2549.09
8935.01
6811.33
4182.87
9424.38
541.85
3808.12
6050.58
3525.69
6566.90
3871.59
3462.79
1965.47
6495.08
91.13
8486.43
4872.35
5744.02
11.71
9260.38
2475.16
3678.26
6768.16
6411.44
1931.24
2927.20
4239.06
5317.86
7055.45
737.14
2391.52
5505.62
5580.02
2884.71
9356.26
9970.95
7446.06
3921.43
6439.17
5875.31
2261.24
187.62
1390.72
9215.54
9205.16
7812.78
2723.66
1570.24
447.97
7008.97
223.75
3453.31
7049.37
1250.04
515.27
870.18
5936.70
7676.71
8114.26
1710.32
731.98
5642.86
2028.79
9853.61
6951.53
8068.99
1090.84
2293.94
9372.88
3054.57
6320.84
4628.29
388.78
2168.12
8810.94
2045.16
4511.59
256.46
1851.89
3506.27
6144.89
9186.10
4012.20
7888.27
9005.74
5787.50
2173.42
4107.82
8150.44
7586.58
139.57
1879.58
5094.36
6297.46
5927.99
611.86
1522.19
4788.47
7859.67
3774.95
160.87
7570.28
4131.28
5664.16
4283.68
9803.48
6275.03
4777.72
1351.79
3904.79
5644.80
5080.94
600.74
6480.51
7597.98
7034.12
373.28
8942.15
9016.55
4857.53
9597.99
2919.22
4452.10
6675.31
6025.82
8944.38
980.61
8455.72
1496.93
9059.34
974.07
7274.37
7036.56
8154.02
3898.89
6576.18
3946.35
9209.25
326.72
6154.23
372.83
4676.00
8291.72
188.52
7111.35
5614.03
7540.66
8019.96
2152.93
2590.48
8976.40
1511.46
5193.15
4750.79
8089.95
9241.55
6611.72
2912.01
2348.15
8171.20
5145.26
8826.95
8263.09
6.92
1933.55
4891.43
28.01
1145.47
7531.39
760.95
7489.29
1085.35
2202.81
4841.44
382.06
5623.57
6741.04
7.31
497.13
5323.22
1844.43
9720.75
9661.98
8586.91
2268.60
8533.60
3720.82
6027.16
8185.47
5038.03
6879.87
961.93
8554.85
54.17
4136.22
8870.65
7769.88
9269.20
1090.89
3308.43
6048.89
7251.98
1334.04
4508.64
7567.78
8945.60
8098.35
6375.03
2119.90
337.90
936.38
3242.72
1635.80
7399.18
4353.84
9109.66
2511.33
1965.41
5004.40
2080.56
2990.90
8089.24
2171.30
4393.74
9492.09
5255.46
1167.06
517.57
4044.20
702.38
2860.68
1204.85
4240.02
625.94
1748.02
4403.81
7307.89
533.77
4751.44
3997.01
6808.27
695.93
3528.01
7330.05
9914.87
4221.99
4937.93
5270.60
1529.88
6091.31
897.17
7042.40
4843.61
863.52
210.66
1308.46
9810.20
6468.38
6127.27
4640.12
9952.22
5431.84
2578.48
4542.40
1963.71
6582.67
4383.88
334.72
8397.08
5164.86
494.89
861.69
5045.00
7166.87
9182.95
2148.28
8293.51
3236.22
7678.73
2240.17
2093.45
2148.19
992.46
2787.43
5822.60
6802.94
1328.86
1353.05
4876.69
5919.05
9546.94
7367.45
6266.68
2197.59
2758.47
1797.14
7327.46
1510.77
4148.46
8230.51
1041.77
3005.69
8069.07
1831.86
4475.59
5940.19
8098.50
3196.85
4435.60
6866.16
1290.73
8911.31
5679.09
968.14
3501.50
8824.69
9993.29
3658.56
1876.56
894.40
1472.73
2641.33
2781.70
1540.34
3311.33
7338.43
8093.71
8426.37
8064.92
8431.73
4763.85
2357.93
1674.30
6651.15
7974.01
8099.55
2126.65
403.33
7337.84
8660.71
8786.25
2868.30
688.81
4781.20
538.53
7026.29
7132.52
5996.10
7771.76
2126.06
6153.16
2655.70
8779.53
6480.64
2812.76
633.27
5439.13
5183.39
6065.45
4740.77
2958.77
1717.41
7092.10
5923.63
6049.16
9936.83
5053.11
9062.27
5467.28
8536.95
3309.25
8200.46
3314.60
1291.33
5061.53
159.88
4343.19
4622.99
698.22
5244.30
7674.86
9812.35
1968.08
3290.94
6049.91
2467.67
7690.56
2633.27
8584.12
1014.67
1210.49
3071.51
6630.76
3479.64
4542.15
565.88
777.05
7854.37
4512.54
8992.43
4090.78
7787.41
8348.30
8473.84
2586.57
3249.02
3674.51
1268.59
3406.08
3894.96
7141.57
4776.62
9612.88
9466.17
9069.62
4724.01
4207.70
8857.34
8982.88
9179.84
7644.30
5536.24
5981.76
6787.37
1406.34
6695.40
2317.83
9166.71
7507.52
1534.62
3219.98
4005.93
8897.15
8556.05
3135.42
2380.99
2506.53
813.89
2499.25
1673.30
1503.19
5131.08
8115.11
3042.94
1906.52
1424.34
1465.10
931.07
8908.64
8652.90
9438.85
4922.30
6349.30
6474.84
7797.71
6015.70
2347.82
7845.16
15.17
2877.71
1949.57
4396.69
1351.36
8964.74
3200.12
5436.29
2048.43
6055.38
9508.18
7364.35
8064.67
7289.37
3427.10
3364.38
8057.70
5341.31
3700.74
1416.31
903.59
3350.71
705.74
3136.30
1495.73
7562.03
7150.66
1593.17
4785.49
8605.46
3548.17
7038.35
8741.65
5880.79
6494.63
2632.36
245.75
9749.58
7880.58
8753.53
1581.93
5610.18
4053.24
9848.45
5345.79
996.68
9498.42
3467.99
1568.22
1779.39
4711.16
6778.37
8119.75
6771.09
7349.91
522.21
2712.35
8157.04
8942.99
91.44
8191.67
8317.20
3193.06
5640.18
7131.16
5768.30
5356.92
767.29
1515.37
2856.74
9741.13
4791.14
80.20
329.24
1820.21
2399.03
964.74
4454.93
2119.80
6089.37
9633.14
8004.46
1494.65
1620.18
5918.12
5713.87
6292.69
7978.05
1810.76
8695.15
4126.44
9034.22
4656.65
9044.87
4840.08
7270.64
8120.55
9010.65
4681.56
3545.14
6234.10
4137.75
9426.80
317.69
9437.46
7711.26
5617.40
7703.98
2629.69
1001.01
2622.41
5032.15
3339.51
1161.18
5603.69
3632.49
7538.09
4439.04
2155.22
5762.95
4432.14
9721.20
6261.60
9194.94
5908.91
1666.25
7461.46
616.40
5368.54
9395.64
7839.85
1330.04
2478.48
3801.35
8553.49
4393.96
4519.50
8009.68
1842.48
7637.68
5251.07
7423.27
1722.62
5556.79
7520.71
4751.45
1291.85
6685.85
5530.12
5448.52
7378.89
7310.03
7849.57
1940.64
40.86
1135.29
4279.13
3069.69
5259.83
9735.63
3607.09
3454.92
4945.89
5646.21
1958.18
58.41
1774.44
2335.33
4609.67
1042.37
2936.02
6182.63
2634.02
1202.53
945.42
5036.49
6463.49
8530.71
7374.98
5819.19
9309.38
5621.35
4258.49
6532.83
6192.89
8187.21
7825.76
9614.69
5409.90
1133.67
7465.79
2180.56
8699.65
7336.80
2108.24
4454.02
4042.64
2679.79
1677.47
4956.71
1493.74
7825.86
2405.23
761.67
2655.31
6438.84
4103.72
1458.75
1201.63
4373.93
1019.27
2981.55
7094.28
5452.86
8943.05
2550.78
8814.27
1224.01
1005.56
8443.42
4713.27
5981.85
1777.05
8051.64
8177.18
1667.36
9696.16
8418.93
5649.67
699.68
630.83
3357.88
641.48
6436.69
2490.25
903.48
5655.62
3839.29
4396.80
3033.94
1405.27
4895.45
6962.67
3743.76
7370.80
860.99
4468.72
7958.90
7890.05
6473.70
5110.84
6259.29
9749.47
1797.38
1662.37
3153.34
1253.57
251.26
8888.40
1162.75
822.80
411.42
4438.52
2688.35
2345.60
8957.74
4435.06
1234.67
8518.27
4850.39
4075.09
5655.32
1290.58
206.37
6556.43
8047.40
9941.05
8958.89
2412.36
8207.56
8487.37
2360.20
421.76
6216.97
2613.06
1735.04
3628.69
2501.95
8259.29
4054.49
7420.38
5427.79
5988.67
5213.38
3157.39
9296.58
5628.70
2685.87
7563.10
5519.01
1314.22
2461.29
3247.25
2991.50
6330.02
4174.51
7782.24
1378.30
2805.30
3655.22
4024.33
4585.22
5958.73
6880.08
8235.65
973.76
9002.56
2874.03
5736.56
4107.89
7390.94
7898.33
2011.06
175.25
4046.72
1330.32
9222.26
8428.24
6592.43
82.61
8526.83
7666.75
8343.09
859.45
2753.09
2256.93
264.34
1567.05
7362.26
2878.90
1495.23
3668.89
8246.80
1094.50
2903.36
8192.42
8868.77
9846.80
4426.17
9076.96
9788.60
9809.01
20.18
1743.41
1332.03
8211.59
6868.03
1620.18
3429.04
3360.19
5705.96
5294.59
7399.09
1784.07
8310.58
4255.38
4190.35
4057.54
6124.75
9780.32
1673.97
3274.55
3608.37
1882.17
3512.57
3896.52
610.49
5550.89
9664.78
4781.06
576.27
1864.14
9368.77
6898.89
1198.23
1031.86
8938.00
8887.98
8009.96
822.38
481.28
7538.44
8388.36
7528.28
1103.24
9377.04
53.39
1117.05
5696.42
3051.45
9291.90
1739.02
8071.14
3673.42
470.04
5049.40
2746.96
8644.88
4613.66
9019.46
684.00
9895.44
681.39
8362.47
4712.52
3083.85
245.95
2869.44
7880.78
1909.03
2065.25
6540.28
2852.25
3015.65
6467.97
5486.96
8207.98
1020.39
56.74
3889.54
2351.60
5543.92
9449.52
9038.14
5278.59
8768.78
7749.90
7998.94
6374.09
654.73
3570.13
5674.64
685.98
2772.56
2877.28
784.58
4656.04
5958.75
6590.44
7613.13
3408.34
8524.62
8028.46
9922.10
1552.51
5440.17
8268.57
9292.59
3677.57
1569.52
775.49
8685.37
8395.49
9059.94
2614.09
4507.74
2399.68
7376.89
2215.95
6968.09
995.19
1502.58
4871.26
3242.59
5673.15
2469.76
3843.28
7468.86
1270.98
9940.17
4692.31
7038.09
6626.71
5645.71
6357.34
8942.17
8828.65
339.65
5389.66
5515.20
6436.54
7810.05
2839.72
745.86
7350.23
2400.24
4448.15
7938.33
4178.78
1533.81
6113.18
1908.39
7510.67
5518.07
6705.32
8335.73
4130.93
9733.21
6065.33
1924.50
6797.38
4704.68
5490.63
9044.78
6101.94
7270.54
1277.49
7713.17
5877.37
9904.47
9493.09
1301.95
1233.10
7753.57
1243.75
6914.66
2898.13
8187.19
2360.30
7667.29
9839.49
9601.69
7973.01
1256.07
4863.80
5720.55
4680.07
2538.45
4969.01
4472.85
713.30
7875.40
4207.52
4973.32
5947.53
2398.93
6873.96
5334.74
7570.91
6051.84
1568.48
5439.95
3689.77
7509.74
702.06
8907.22
7278.55
5912.32
2452.72
7224.17
6585.69
9501.09
7601.32
4052.72
8250.04
2167.54
3678.53
1207.13
5527.30
3522.81
1148.93
5177.19
9756.55
5551.76
4737.71
4239.33
2216.91
6173.73
3871.29
7913.74
9428.69
697.26
8201.89
8690.57
7810.92
3242.20
5322.16
7582.30
7170.93
8979.79
6780.06
5431.41
8921.59
1906.78
3054.56
5937.91
8089.30
7677.92
5172.39
7602.95
9682.90
3565.42
6791.30
3436.65
8743.64
8504.37
1020.56
8878.94
2332.41
2488.63
4609.34
9500.91
6855.94
1240.92
728.20
8739.42
5279.83
673.82
2909.99
8146.78
5223.25
5264.01
3271.41
5080.27
9832.42
532.74
2023.71
8007.26
8170.67
8381.84
447.59
7678.33
94.90
393.22
7192.82
2133.23
577.44
5069.03
1309.48
9583.28
1684.06
1517.68
3964.80
290.88
8686.18
2139.65
83.66
5942.84
2360.59
8258.51
1627.20
5181.35
833.75
8777.76
4709.82
1713.57
7954.02
3922.80
1830.10
3171.47
3102.62
9639.65
9803.06
1574.05
2079.98
5707.02
6337.34
4157.85
8271.74
4130.91
8883.05
310.06
1940.46
7210.03
6034.15
8502.58
9910.23
9841.38
2482.80
1688.77
9043.80
3343.15
7838.53
5814.46
2475.79
639.98
8460.50
2574.38
7500.09
8112.48
9434.49
9486.37
2471.56
6584.29
6172.91
2032.08
7827.29
4347.76
7837.94
6002.14
6251.17
3100.06
9120.33
5052.39
7046.71
8473.72
1458.91
1171.25
1812.09
3445.18
4210.98
2484.78
6402.27
6215.96
6049.58
92.04
6424.16
220.15
6154.79
2466.76
3252.71
4743.68
8786.14
2814.39
634.90
3167.57
3102.54
9726.38
6038.35
423.33
5854.61
5980.15
4999.14
4587.77
6739.15
6864.69
354.88
1416.32
1347.47
3693.24
3281.87
5090.73
7157.94
8841.84
215.36
8169.85
4309.04
913.41
5963.42
5550.67
5505.80
7741.97
7245.81
1618.04
740.03
6980.48
9427.60
3541.48
1362.00
8231.03
2810.40
6924.28
4744.80
116.98
7400.58
2051.38
148.24
1525.12
6619.79
4233.17
8468.56
1401.89
763.41
3678.82
2697.81
154.19
6480.27
7180.59
8329.04
8578.07
208.48
1856.41
1999.88
1418.09
6638.51
2651.95
3456.41
2125.69
5772.08
5876.80
9990.69
7274.29
2046.58
9208.69
819.79
6407.86
2547.05
8342.26
9972.67
1760.03
1348.65
1008.70
3088.66
9142.22
4937.43
6084.50
7232.28
8361.43
4330.20
2151.87
159.27
1586.28
9961.43
5462.36
4180.03
7323.87
4190.68
3449.92
7110.52
9520.26
1329.12
6861.75
8030.35
3975.16
2248.96
2929.12
9346.87
9680.69
7688.10
7106.31
9968.84
5764.05
8918.99
2877.45
6624.62
8430.49
9280.41
4500.83
8529.08
8758.18
823.94
949.48
1198.51
9573.66
7581.06
9926.84
9515.46
1324.32
1048.34
9550.09
3104.24
6975.70
8156.91
9790.01
5856.31
8477.58
4428.42
411.98
7468.48
2066.36
8484.11
9164.27
9320.49
9154.11
1584.67
5820.05
2982.15
2742.89
5173.45
1193.72
7505.68
1980.72
9418.58
5277.75
1072.96
5148.97
944.18
2574.59
2823.62
2949.16
4672.39
1988.76
8229.21
9656.21
163.60
1310.59
1817.98
3244.99
9696.39
5051.59
7409.26
480.08
6448.86
2689.31
1811.29
4623.70
3123.14
9449.23
2353.31
9979.44
1040.88
8395.91
3512.19
9307.40
5252.20
6230.23
8867.92
3983.22
7173.45
8153.78
9644.76
8850.73
6205.76
699.50
8397.05
6061.93
7870.79
3159.85
8575.15
2214.93
3276.38
4044.39
1327.99
3518.13
9169.02
8270.66
1567.92
9668.14
8665.83
6673.24
8396.47
4743.94
7346.61
5011.49
4515.33
8887.57
8546.47
4405.64
5916.64
1347.92
1092.18
4963.64
908.45
4915.20
3758.62
6312.68
8358.50
3266.28
1974.22
2740.02
8535.23
4674.42
812.15
6710.08
200.26
3807.99
1434.12
5462.37
5691.47
3913.20
7882.77
291.09
3743.41
283.81
5055.26
8210.20
7332.19
8393.63
1883.81
133.64
1113.98
6227.95
8539.59
5701.69
8410.81
2710.16
1500.72
1749.76
1875.29
456.80
5397.20
2648.09
7331.60
4045.58
6281.75
6839.26
9150.90
4042.11
7532.30
7657.84
7317.89
2295.10
7307.72
9408.50
9242.12
8362.46
6372.56
2022.08
7624.35
3419.56
1240.07
8595.11
2894.45
8325.74
373.65
3863.83
2113.66
1875.85
3962.43
4191.53
6257.28
5845.91
8191.68
5648.06
1974.14
1839.13
4824.32
878.72
9042.92
7350.28
7493.75
6911.96
9148.13
8145.82
8950.28
4933.83
3134.74
7210.76
5069.14
1052.70
9008.61
3243.99
5569.61
9279.35
9663.30
637.51
7088.91
7337.95
9023.31
3738.07
3241.91
6070.31
6770.63
8261.60
8510.64
4408.56
445.04
6685.49
6274.11
8619.88
3372.03
1275.67
4209.01
5226.52
6.10
3147.88
553.83
6869.47
8454.42
7628.48
5431.06
1848.81
1384.57
8739.60
418.26
1204.21
8986.55
2352.44
5143.42
6214.36
9946.39
8491.28
4286.49
270.04
3760.23
1924.42
6850.14
4205.17
8971.42
4021.43
283.28
9469.23
5904.91
8890.10
6769.11
1399.75
6189.98
1130.39
4427.64
5006.46
6379.98
750.75
4793.21
1587.13
7382.34
2984.62
6991.47
288.73
452.14
6778.22
9989.84
2138.24
8121.79
6395.59
7161.39
9155.72
1345.86
7205.03
5704.47
1688.02
5987.37
5491.21
1731.66
5100.35
3475.49
8241.75
3291.76
9553.60
1704.99
4552.69
9667.98
5527.16
5340.84
9711.62
6873.72
4368.19
2618.01
1738.35
7169.64
9249.60
851.33
439.95
2070.36
2319.39
483.59
8063.68
303.67
8553.50
4488.14
7941.61
7450.32
3348.24
5157.10
271.08
1418.15
6760.57
5221.34
7325.85
2351.88
5563.51
6193.82
2053.00
5734.68
3727.97
2746.97
7604.05
9669.81
5653.36
7647.69
3543.47
5437.11
5283.48
9240.30
5912.73
4863.09
9754.67
1906.06
9727.72
8867.64
4726.81
1074.29
3140.05
8672.68
7623.04
8645.73
8459.42
8098.66
3996.58
5247.03
8801.18
6344.56
8410.31
147.74
2252.25
8197.05
5653.43
7843.57
2142.92
1976.54
6018.99
7649.40
1763.28
6703.69
4283.78
5709.15
1653.95
708.24
8615.54
1682.70
1496.39
9660.58
3029.27
4317.15
8773.56
2730.38
310.48
5198.01
800.29
7077.46
4984.76
6707.99
9343.37
5326.92
5832.86
9130.11
6503.08
3902.77
7114.39
9904.00
7585.08
9845.22
7852.63
7356.47
6963.02
7639.37
8617.40
9383.20
1830.23
3567.66
9426.84
3176.80
6388.42
6979.99
2877.91
2381.75
4964.27
947.82
4986.62
5752.42
9780.67
577.94
6094.59
6724.90
279.05
3647.74
9888.19
8348.96
8512.37
6762.19
5816.48
1418.76
9582.95
5603.22
1462.40
7136.10
3587.50
7972.48
7838.62
4375.66
359.12
3344.31
3500.52
5223.75
3131.05
2527.87
5425.91
3925.35
165.80
9371.78
3968.99
6294.61
8399.12
2038.90
5995.72
8185.86
3299.84
6110.11
2350.56
9251.51
974.74
8860.64
8278.85
2321.30
8561.75
8065.59
3006.00
6291.36
7594.07
1272.52
5019.68
8388.37
6552.56
6366.25
8432.01
6339.30
1833.14
1019.09
2444.46
9089.80
7443.55
1557.43
7416.60
7230.29
1258.54
8763.17
6257.64
4164.93
3627.80
6044.38
931.92
2740.78
2468.83
718.66
2441.89
3153.53
8268.82
2225.64
3941.68
7969.93
295.55
2969.02
4480.02
339.19
7712.15
9449.59
1515.34
9180.22
3294.10
383.32
1444.76
6127.61
8367.60
557.73
2552.06
7947.21
6871.24
3133.08
4941.94
5653.58
8638.77
8071.09
396.71
5028.55
6682.92
3482.53
7857.17
5918.56
744.66
8443.68
4238.88
378.07
6173.28
4149.21
2156.62
2194.38
5092.43
887.63
9731.06
8347.38
362.53
2552.67
6084.27
1879.47
3595.51
7967.75
5322.78
7769.90
7540.82
1547.77
2521.98
888.69
10.68
5527.32
9398.78
248.70
7305.86
4660.90
4508.72
303.93
6544.38
34.56
5705.47
7941.64
1359.63
6111.77
5771.82
7766.15
9990.42
7655.30
1890.69
9309.68
9817.07
3307.26
2874.49
8669.69
9740.64
8100.07
3959.24
9942.79
3265.77
549.37
4920.15
8667.32
4393.89
3111.56
7483.80
5063.89
1668.26
6718.27
1142.00
6103.49
1011.27
8037.89
2790.03
6280.22
4444.41
3113.69
4919.56
8473.71
9027.90
2635.63
1775.55
2451.90
6054.30
9337.35
187.27
2094.50
4161.72
7619.66
8768.11
4788.38
647.55
5278.20
7001.43
7157.64
4512.67
8469.49
4795.57
4213.78
6539.40
5953.79
8575.06
383.92
2378.25
1602.95
2853.40
1017.59
2826.45
6016.68
4045.48
7414.17
3654.61
1598.63
2278.80
8604.88
9582.91
5185.19
1322.92
21.14
5643.58
1955.54
8673.29
6299.42
413.30
175.50
4956.72
6052.30
4301.46
9903.74
3231.45
9807.15
2705.19
9863.64
5360.98
4500.90
2665.09
6707.55
4544.54
4133.16
5942.02
5530.64
6934.61
8743.47
7895.20
2474.57
7905.85
9525.41
6582.58
6086.42
3886.69
5695.55
5284.17
8142.23
3431.28
5338.16
7612.51
3557.31
9352.52
413.96
9963.06
3174.69
7142.21
717.18
2085.99
2851.79
3826.00
1614.47
6386.76
6400.30
871.23
8681.00
6748.61
8433.97
4711.13
8164.60
6108.62
1967.79
4796.19
3746.55
6329.07
3909.16
2073.36
6115.81
3610.27
3541.42
6351.69
5733.19
7449.22
7612.63
683.45
3356.92
5682.54
3846.73
9867.01
3320.47
7289.37
779.56
1841.00
6479.80
7628.25
1118.43
7358.88
1190.66
6479.71
1383.59
1314.73
9290.67
8344.95
6594.78
8318.01
3568.34
851.94
4570.43
3278.37
3958.54
7081.56
7761.73
9951.87
9883.02
5399.66
4539.58
5389.50
9125.88
1729.22
1833.93
4145.57
3734.20
5543.06
7952.80
142.94
2590.06
754.25
4244.44
227.99
7583.02
1882.37
1715.99
8999.59
489.19
8347.58
1801.05
4001.73
313.70
477.11
8726.93
8870.40
679.26
3314.65
2333.64
5266.98
8594.69
2084.88
9992.18
2303.81
2408.53
6436.79
1120.29
46.47
1024.50
6521.84
1842.17
5034.49
8317.55
6567.37
4232.25
5955.48
8108.33
381.21
9762.71
2074.34
9578.97
5249.88
6054.35
4980.52
6044.18
1560.83
1491.98
3682.11
6129.24
6337.90
7711.41
5811.64
9365.79
8987.18
6481.65
2829.12
8221.66
4483.50
9914.79
7540.91
611.73
775.14
2820.96
764.97
6281.62
6212.77
1644.06
5686.51
9832.35
4547.11
2127.21
6879.35
2738.52
8533.73
4517.28
8007.47
6171.66
7980.52
3287.51
6841.66
4941.89
8239.15
2453.14
7969.78
3764.99
9709.79
9211.41
4968.56
9267.91
6622.94
1600.14
7459.32
3254.52
9238.08
1303.83
892.46
2701.32
2844.79
1562.46
9662.69
2959.94
2010.41
2690.58
8364.28
4430.59
1888.33
2393.58
4629.75
1343.73
4277.06
5299.76
4250.12
7078.52
9144.27
881.71
541.76
612.34
8519.64
1802.69
174.02
9313.94
9994.10
9925.25
8944.25
6609.13
7114.38
4533.37
8768.75
8997.86
4857.03
8970.91
1418.03
8701.55
3453.69
5262.55
8452.78
6481.58
9850.26
5521.18
8800.41
5251.81
925.52
6991.82
4449.57
6112.70
8348.87
7767.08
5431.95
1376.76
9650.56
416.35
4287.82
2452.01
5942.20
3849.49
5479.90
5728.94
2040.90
7764.59
8530.39
6804.19
5990.14
328.24
833.49
8252.49
2487.87
4381.51
6097.55
4371.35
5137.15
2420.66
7172.80
8981.66
2171.89
200.69
8300.92
1598.18
5605.04
3807.40
7002.52
2861.69
92.43
8673.93
2973.28
7087.16
6311.87
611.21
115.05
2008.70
9845.69
4597.83
1658.59
8816.43
8041.13
8290.17
9438.62
9944.55
9169.25
1723.31
3387.86
4813.22
8231.20
467.38
5049.10
1032.66
8658.78
2687.04
9970.64
8330.07
4570.52
8060.70
1131.52
8757.65
862.16
2010.60
2602.17
6229.21
2163.84
5959.84
2860.79
9516.61
9587.20
3701.08
6148.20
2388.65
748.08
6264.73
2059.93
8004.74
1876.20
251.34
2487.51
67.61
7889.28
4200.58
3789.20
5979.34
3262.94
6590.66
4237.41
7065.80
2078.43
1284.41
702.62
2938.79
4312.30
9900.37
5966.68
9716.64
7745.44
327.95
1878.41
4706.81
6515.67
6446.82
1496.83
5834.93
6755.59
1054.94
4352.19
8223.66
2019.65
9878.03
8495.02
574.98
8484.86
2441.68
139.24
4181.69
9612.98
7777.17
224.29
2414.43
4481.65
6633.03
8284.83
4717.53
9102.51
250.96
414.36
6740.44
2535.65
3215.82
5625.56
3205.65
5099.30
4860.03
2022.13
4333.77
2497.96
4945.08
9058.97
9202.44
1353.83
942.45
4824.97
8100.83
6129.63
9412.68
7784.01
1533.97
4899.86
2145.29
6554.24
4097.62
8333.00
6551.00
7873.86
7999.40
1489.58
7801.55
8431.86
7617.81
1087.65
2409.67
7175.93
4530.96
8487.78
8334.14
5999.02
5659.08
7653.40
8419.20
4769.25
2676.55
6509.26
4330.93
9762.22
4147.20
459.16
622.57
2338.61
6450.30
7130.46
7061.61
9251.75
6535.35
3890.38
8189.73
6185.24
7610.60
6796.55
9350.61
8575.32
9081.25
229.69
478.73
2109.14
9339.87
5985.21
737.36
2349.06
1469.40
8824.43
3209.41
4912.71
9026.59
6310.19
680.97
8345.85
154.71
85.86
766.02
9039.82
755.86
8856.09
2067.71
4303.88
1883.98
3309.34
1066.13
5489.86
5323.48
4529.45
6159.86
1955.06
7557.34
3695.08
9211.72
3083.18
1333.01
6258.72
286.97
2003.01
103.24
3314.86
5551.03
3131.13
2719.75
5859.81
7939.76
44.27
4984.68
741.22
9795.51
129.33
6267.06
1869.34
143.14
1773.54
3667.19
3171.03
228.19
2901.66
7653.80
9462.66
5703.11
7855.96
2347.55
511.75
8091.84
9985.49
7340.52
1639.87
430.43
6450.70
2309.87
8105.08
4088.63
1714.76
9069.79
8190.13
8109.38
2790.01
7840.02
4187.49
3373.45
8246.32
8753.71
2379.29
408.09
3776.77
5045.35
4769.36
9263.95
4243.10
4003.84
8461.71
7879.91
5887.32
1489.60
5517.85
8307.50
7015.44
86.26
5945.43
6378.52
7752.03
5852.26
9406.41
9655.45
8880.15
648.04
5698.05
7850.89
297.93
4340.38
3758.59
1765.99
7368.27
3163.48
9022.65
1212.79
5964.93
1824.10
1099.31
2472.82
573.05
4127.20
7495.89
3600.94
3532.09
5255.32
2571.69
9855.20
2302.32
6416.20
3699.80
9940.25
5735.46
2221.00
1533.55
1190.81
7987.42
4005.12
4979.33
5659.49
9530.96
3170.74
5064.38
4482.59
9197.35
6777.45
9762.64
7388.76
1260.23
9167.53
2657.71
821.90
8402.00
3293.22
5080.58
9832.72
7014.98
5368.73
3397.52
6766.21
5210.42
1487.59
4941.06
2885.07
1502.06
1433.21
8927.67
2970.13
3146.28
7484.38
9293.24
9224.39
9904.55
6022.31
2262.76
8317.16
1509.48
4792.54
1240.12
707.24
5116.19
2361.62
7151.85
4313.95
8549.33
1131.85
7236.91
8300.57
4159.74
9954.95
8624.23
6043.22
1280.01
3173.66
753.75
4081.47
4886.72
7957.54
5964.95
7688.18
7276.80
9428.19
2275.89
6511.27
4015.90
9686.81
872.55
9160.55
5091.15
814.93
5566.30
3937.63
1014.10
7728.07
8525.34
7544.34
7479.31
3805.39
7295.57
5117.24
8949.95
4933.51
1647.48
6587.89
5048.66
1398.72
1732.54
3138.73
3472.55
3528.24
4378.16
6271.81
5775.65
2832.81
5506.28
258.42
2067.28
4477.03
460.58
3950.76
2114.96
5605.14
1588.70
6702.67
3243.08
473.81
8053.91
290.08
1867.58
7851.13
5477.26
9505.51
6789.11
9321.78
4093.22
3197.85
5833.23
3809.17
7680.63
977.88
9420.64
2632.26
6382.23
4927.12
9679.26
1402.49
9409.90
9361.67
1808.79
8049.24
6408.67
1925.32
7720.53
3665.33
7536.79
5911.93
3416.56
7651.95
3549.87
9861.17
9449.79
1258.66
8923.53
2251.25
5741.43
3648.73
7323.61
6945.00
6171.92
9034.46
3269.84
3032.03
387.06
4686.41
9074.63
4869.84
814.64
9088.44
5072.00
5754.38
3453.40
7688.78
5696.19
621.90
573.67
6432.85
304.31
8765.08
6184.08
419.46
7962.84
9893.20
9617.22
4111.80
4254.48
5104.40
8473.08
9760.96
5898.69
6232.51
7296.18
108.59
5983.75
4325.01
6650.63
3934.15
7126.47
616.65
8866.48
1714.18
818.81
3454.19
5177.42
570.04
8734.24
2224.42
131.72
4003.18
9862.36
5657.56
1259.84
6909.36
2165.45
9222.62
3905.46
6733.86
8457.09
8388.24
3990.52
340.57
8247.87
313.63
5065.77
7482.35
6945.21
8093.66
8342.70
4583.15
378.36
5980.63
8390.37
6886.25
3943.41
6477.45
5683.42
5951.19
3109.03
9126.73
5061.37
6209.81
6801.38
4623.04
54.33
4439.31
751.28
914.68
2630.72
904.52
6421.17
3752.22
9543.86
6620.33
1198.24
8481.84
671.98
5785.96
3847.52
9642.73
930.61
4641.82
2670.62
5953.67
2401.25
5472.07
1440.85
9605.04
3476.50
9078.78
4192.75
2892.45
557.33
61.17
7480.16
9670.30
4422.45
281.62
8641.05
9928.93
8371.68
1668.94
9769.17
276.56
6151.71
5170.71
27.79
2474.82
9758.42
4995.22
9453.09
3007.24
5197.37
2480.98
8618.71
9298.87
6325.49
6256.64
1182.35
5210.61
6926.64
5026.87
8238.50
474.67
5905.95
2806.91
4945.55
4876.70
8294.68
5351.85
8906.00
7823.16
3774.00
3899.54
2536.68
5729.00
9841.73
9967.27
3872.87
113.32
9701.94
4110.89
6262.94
5850.90
8472.17
8545.44
6050.07
9242.39
5211.17
1194.72
7332.45
6175.88
8644.31
360.34
7417.51
7251.13
1550.48
6981.76
1445.32
9289.80
7770.73
7337.96
9231.61
5945.58
8392.70
7685.59
7983.90
5564.00
2416.56
8748.68
51.39
8785.86
7629.29
3424.50
9664.95
4590.66
8826.04
5988.14
8642.31
709.52
2518.38
9958.20
1066.52
9774.46
5445.37
8935.56
7099.75
589.94
6573.49
8983.23
3474.83
4623.27
6813.41
4439.54
2713.34
8210.68
3324.65
5636.29
2798.39
9512.37
1748.54
9103.57
1931.97
3740.83
6150.57
1667.22
5538.68
3910.00
2300.16
4730.71
525.92
2241.96
2820.78
9132.74
3432.09
8863.38
8452.00
1698.61
9604.76
6959.79
9788.19
8807.18
3921.16
3788.34
50.18
1766.22
3346.45
4494.90
515.17
4311.16
2169.55
786.54
2866.50
776.37
2670.02
6905.40
4324.40
1904.49
1493.11
4648.05
5711.72
1209.06
5080.52
9050.08
214.90
3512.16
1519.56
1179.61
2831.41
2833.99
3063.09
7298.48
9538.47
7909.79
1278.48
9862.12
5657.33
4843.28
7311.71
1318.65
2590.82
5918.53
3202.13
8317.43
8388.01
8048.06
9785.49
9352.72
9516.13
8306.69
3734.73
4796.17
2151.20
9777.33
9365.95
1174.81
1318.29
5774.69
3058.30
7086.55
3534.13
5859.75
4937.97
7385.09
4668.61
9420.75
2910.94
6623.61
2864.06
6354.24
1106.38
5304.39
2846.39
2473.10
5055.62
3084.42
6453.10
4481.90
6928.94
4091.04
1806.42
9432.55
579.62
1211.31
3658.43
8029.21
9732.50
9981.54
1472.51
1200.57
860.62
2940.58
2600.63
9831.37
3321.55
9647.63
9923.26
4414.85
2664.68
159.14
2484.76
648.96
6669.23
2528.40
6642.28
7011.39
9629.42
8683.71
6933.53
8656.76
3633.97
1798.16
5166.85
6797.25
911.14
4867.96
8507.74
694.89
6297.17
893.01
5664.46
1609.26
302.81
614.72
4240.30
9808.44
3778.01
1341.32
2971.73
7085.61
6205.95
7921.99
3510.07
9112.34
5389.51
3296.81
1945.85
455.19
7947.08
1572.66
7556.21
1110.36
1359.40
2420.84
8663.51
9343.68
1533.82
3528.14
9130.42
2721.86
6434.53
6597.94
2924.02
8613.44
4041.49
492.88
5608.18
3027.17
4400.69
7211.64
2813.92
1868.20
118.03
798.20
6818.47
7772.53
7935.93
4262.01
7473.64
1223.60
7082.77
5026.79
885.96
2033.04
3011.07
8955.87
5338.44
1456.02
2743.90
2992.94
1157.13
297.05
6156.23
4063.53
4226.93
8420.77
1201.26
2605.23
8207.51
9185.54
7574.80
943.48
9107.68
5644.71
5808.12
4057.94
4704.57
9089.55
5540.95
1214.66
7073.83
5017.85
1258.30
6860.57
7838.61
4164.69
4328.09
2788.87
9029.32
9919.41
3473.56
4103.88
9620.52
4820.13
6924.64
4932.62
841.87
9217.01
3601.99
7630.25
9003.76
150.74
7972.41
8128.63
9851.86
2922.68
7155.97
7921.77
4526.14
2106.23
9182.70
3639.11
4926.99
5176.03
3340.22
1437.08
9340.72
7248.02
582.57
6441.74
3342.70
5789.73
1392.01
2370.04
8696.12
2652.94
7889.84
6264.98
1350.50
4678.22
7611.55
9677.31
7584.61
3519.25
9464.05
2085.32
7427.05
1726.40
5840.28
7470.68
9796.31
3824.56
3980.77
5704.00
3973.49
7793.46
5700.76
0.11
7580.20
565.39
9113.08
5564.48
1359.69
7304.49
3566.34
2147.84
9566.84
3680.72
5311.13
4517.10
8545.35
9342.62
1065.85
3133.07
9459.15
1182.38
2919.81
4985.56
50.35
5526.87
3021.34
183.44
4761.35
1837.82
6187.25
8181.57
3783.85
6230.88
1087.96
2811.19
7577.45
5952.59
9321.28
5561.73
5065.57
9364.92
8052.71
2423.48
6465.94
3960.40
3770.05
4450.22
9046.06
1424.55
4530.46
8915.44
2127.07
4317.21
1736.20
1240.04
5920.67
6686.47
7664.50
3990.58
5713.81
7451.24
3310.41
7060.38
614.53
863.56
9808.25
5564.79
6369.25
4952.90
6391.61
7071.77
3507.46
1671.65
7273.93
4192.15
4162.63
1581.62
3771.76
2146.91
5426.14
3886.92
4431.60
5559.23
1542.78
9743.69
5345.97
6531.71
171.49
9291.84
2483.38
6037.53
9406.22
7570.41
7384.10
8985.83
616.24
3170.30
9029.47
4562.10
8675.98
4535.16
555.43
3988.08
7944.90
135.04
3689.19
7057.88
3298.33
199.28
8713.32
5039.40
3538.84
9141.12
3821.74
3325.58
744.58
2934.72
1309.86
5694.84
7799.35
2656.43
4722.18
705.74
14.34
1823.20
1893.78
6007.67
6687.83
9963.70
9829.84
9035.81
1709.28
6461.42
2199.10
9779.19
6041.04
8004.96
6465.73
1808.14
2955.22
6509.37
9878.05
5775.98
1913.71
7515.99
5374.37
6883.28
7649.08
4374.18
7671.43
8475.89
1803.61
3177.12
3683.05
1590.35
644.64
6589.44
2487.37
431.38
6169.05
7267.21
5517.04
1033.69
7695.01
5859.21
6108.24
9735.28
5645.95
9930.41
780.33
4114.88
4880.68
9994.65
2306.29
8043.96
5987.98
1885.90
9390.53
8808.74
9955.81
5298.22
3759.00
5637.29
2521.68
6011.86
2337.94
5549.57
1077.54
7317.99
5262.01
1121.18
2268.26
767.70
6626.87
7257.18
811.33
7973.43
77.94
3717.72
3881.13
5028.20
142.18
1951.04
8191.49
6135.50
1652.15
1461.80
9957.67
4000.13
8370.91
9744.42
4684.82
8798.70
3690.28
678.15
3663.34
2803.25
5958.19
5009.90
2846.89
8.99
4037.25
484.83
2810.45
2228.66
6994.91
9719.55
4576.63
435.80
2625.94
4620.27
9514.64
3813.99
2690.18
2853.59
8837.14
8597.88
3195.75
9521.83
7380.22
8146.02
5429.53
5450.13
1309.30
1939.62
5151.24
4700.34
7910.59
5265.63
9564.97
5548.53
6869.09
2471.36
4575.87
6655.83
5272.82
3131.20
9457.28
2740.34
6037.59
2278.04
2527.08
6081.23
7352.60
8032.77
112.72
4376.52
9978.80
8595.12
4111.77
773.10
1086.10
2979.75
816.73
8724.03
7170.61
8886.65
5148.49
6957.35
147.58
4261.46
120.64
9934.32
7289.35
6752.22
4780.25
4715.22
660.02
2764.53
4501.96
6567.72
6034.84
7665.25
7914.28
899.47
3658.57
3419.97
1584.17
7604.44
3121.08
7577.49
425.20
2234.06
8838.43
5375.46
4838.93
2746.23
240.69
4625.67
7610.86
6750.78
2609.95
6308.42
4194.33
2396.69
7654.99
9058.96
5704.30
5981.79
1965.35
2128.75
3619.73
3868.76
3093.47
5087.79
7898.06
8959.51
1875.40
8412.43
5831.43
9945.31
5461.95
1824.75
2973.20
3136.60
9462.69
9397.65
1206.52
7446.96
5390.98
1250.15
6229.31
3028.91
32.50
6305.67
7936.07
5098.18
7202.68
9282.64
1005.87
2152.95
7266.92
9075.78
5680.15
3260.25
336.72
8586.54
6081.01
5286.98
4494.24
7322.64
9131.50
4245.47
9847.75
3296.19
5033.62
6756.85
2164.17
539.31
2729.45
7028.80
6532.64
3951.63
9935.19
5730.40
1589.57
7609.84
595.03
6539.83
5594.12
3501.42
4007.35
5155.80
2177.48
8036.65
5943.95
5340.76
943.04
3411.47
5127.51
7367.50
1481.38
7928.96
1212.01
4509.27
8808.62
998.76
6112.73
7921.59
8983.04
1062.99
723.05
329.60
5928.23
5134.20
1374.65
878.49
5476.37
7923.40
9660.83
683.52
7710.14
7645.11
4632.98
4134.60
7567.25
1057.43
7040.99
6801.72
844.18
2948.69
8148.29
8828.46
8546.37
7940.60
9663.83
9820.04
968.49
9450.57
2640.80
6754.69
1054.03
7591.07
1619.32
9123.95
6618.41
2965.88
8825.06
3719.43
5713.76
7522.62
351.01
8515.21
7721.78
9352.19
3466.07
2586.42
6226.20
9890.53
5492.81
3693.72
9677.27
5536.44
4676.36
7331.77
5793.83
6940.90
495.05
744.09
1910.47
8048.20
3564.85
6756.40
6065.00
4508.06
9158.86
1605.98
5634.23
19.21
7513.68
6980.80
2839.97
8860.24
7024.44
8833.30
6844.52
5094.35
8584.53
6631.26
1002.04
8285.64
3400.94
6591.17
2193.44
5004.40
6377.91
7182.37
510.08
1883.60
2389.53
296.83
9351.11
5295.92
8281.11
9137.86
160.55
5973.69
4223.52
9740.16
6401.49
4565.68
6974.01
528.16
6511.72
9794.77
3434.55
3979.23
7986.18
4676.18
2049.15
7908.32
5852.33
1750.26
9376.38
3490.27
1501.49
8489.36
1474.55
7494.82
3353.99
2821.11
5888.28
5701.97
9730.22
5675.02
7880.87
414.91
3625.16
6993.85
548.00
9465.16
9517.81
6679.91
708.16
2424.20
524.43
5658.43
3665.83
5389.06
246.14
3694.58
9296.86
1291.19
3481.33
557.80
404.16
8450.89
8554.82
7505.18
2396.76
4548.14
2369.81
1509.73
7368.90
3716.38
1553.37
3447.01
2950.85
5533.37
1516.92
1936.54
6321.52
8426.03
3283.11
9142.28
1332.42
3326.75
5135.61
7756.88
1396.66
1560.06
7543.62
7304.35
1902.23
8228.31
6086.70
6852.49
9404.46
829.83
6774.63
7988.21
5895.51
8012.76
5089.23
8729.01
833.52
4875.97
4636.71
1798.81
3202.78
8997.98
4600.26
9196.10
3967.55
5776.41
457.04
3754.29
4901.28
5962.73
1304.46
5603.80
6750.88
2907.92
3673.71
5778.22
7858.18
3374.83
7124.79
678.94
927.98
7168.43
5629.20
3192.52
4822.92
8936.81
6355.80
7729.31
197.74
6142.54
4516.92
6511.24
7658.32
8462.78
2016.93
2681.38
3969.26
2219.09
2382.50
3756.01
7208.02
7888.18
8044.40
2072.65
3200.28
3830.59
7042.22
4546.84
6651.35
5112.13
1455.95
143.74
8393.56
4328.20
5094.00
6191.80
3856.68
1554.24
5596.69
5014.90
2900.80
3580.97
6361.46
7765.43
9574.29
4688.27
671.82
835.23
1789.29
8738.81
5900.91
3649.69
85.38
8648.78
2762.66
2833.25
1450.24
9394.25
5634.70
9003.39
2215.01
6599.99
8704.50
7165.27
5627.33
8837.59
7087.41
3663.11
6475.52
8883.12
4399.76
5030.08
8584.23
8431.26
5714.77
4175.55
4754.37
6384.77
2732.25
4455.48
3485.79
1429.81
7288.98
2041.13
9067.74
1650.26
1154.10
7052.02
1437.00
2011.68
4909.73
704.93
6221.58
5704.02
3525.69
9545.96
568.65
8475.95
2101.53
3475.04
5943.47
1888.28
8617.87
7931.09
242.72
2568.35
4461.33
4222.72
5803.76
1003.37
6520.02
9074.08
704.48
1594.58
9758.77
6295.80
6459.21
4709.03
3763.32
9365.60
7529.79
3550.06
9409.23
5204.44
1188.00
5612.58
5269.83
6902.93
7668.73
858.96
4972.84
832.01
6852.28
4673.95
2178.58
9673.04
4425.18
8086.27
4623.30
4347.32
6277.68
5884.24
340.65
5857.29
2518.62
682.82
9888.79
3563.67
6634.49
9917.54
767.46
1222.20
2945.43
9635.43
7129.90
4292.00
9479.71
6658.37
1857.98
3962.49
1246.09
5702.50
1219.14
7239.41
1208.98
329.32
281.10
9311.41
9474.82
1190.85
5735.87
7544.73
7615.31
4970.34
7588.36
521.70
4549.95
8934.93
6429.39
9500.21
4440.62
1935.08
8625.08
348.31
3281.65
1445.84
5413.99
7408.32
9598.46
1838.45
5478.23
7582.74
1625.19
1385.93
8929.30
4788.48
2732.49
1349.48
2463.13
5533.95
3028.41
533.04
8024.92
471.96
7634.06
8053.68
2819.93
8336.58
9400.24
5640.69
7449.55
4607.40
590.95
3801.12
7513.79
9618.30
3660.75
7214.90
8019.36
4345.44
2203.83
3350.90
9210.08
273.74
6514.19
7764.64
976.26
8480.89
585.40
9046.17
4388.58
5535.66
649.63
2458.49
8356.42
6642.96
2159.61
3430.98
6985.13
4424.15
8743.07
1728.26
1977.30
3607.70
1515.00
4394.70
6669.05
37.73
6278.18
5782.02
81.37
3932.68
3139.94
2345.91
9840.37
9650.02
5166.67
1186.94
9351.13
1159.99
6273.97
7421.04
7584.45
9300.49
5488.03
171.54
1801.94
4356.00
2591.93
68.46
4246.31
3750.15
4811.60
9196.57
8614.78
6158.16
8223.92
9961.35
9621.40
8010.66
5467.04
2750.55
1956.52
5510.67
8702.22
5778.69
5625.06
9963.16
1772.02
6885.99
2869.55
4935.30
1836.26
3940.76
1445.39
4657.02
4906.05
1146.50
650.34
8120.83
8801.00
7906.42
2832.13
8068.93
5573.55
7678.06
975.32
5274.67
7464.81
2578.78
4387.64
285.56
7529.04
9252.27
4573.95
4077.79
8034.62
4360.70
3778.90
941.01
5311.78
5125.47
6148.16
6099.94
4111.16
7772.25
3390.51
1554.71
3363.57
3091.62
7548.03
4624.50
2204.60
368.79
4757.59
2126.74
6878.88
750.92
6991.37
9284.22
1435.61
5773.71
7436.84
4855.84
6002.91
600.13
9806.10
1910.61
7110.21
2626.86
4817.00
4561.26
7652.23
9282.64
172.73
5843.64
3643.91
5452.77
3287.19
2341.47
5153.89
7874.90
599.54
548.62
4662.51
1113.91
5498.88
9527.14
8557.45
8720.86
2018.11
9818.39
1627.25
6379.39
5811.71
6491.88
1691.48
3795.99
7838.45
7599.18
3582.74
1001.73
1506.98
5845.08
7996.47
289.32
2479.46
487.44
5032.46
7791.56
6911.90
1025.78
2656.19
9818.29
4189.07
4002.76
5725.99
3975.81
9508.44
8333.05
3104.50
6296.05
2155.22
3892.65
6339.69
3501.79
2920.00
599.71
6516.41
8562.23
2604.68
6632.94
8348.97
9153.44
7060.74
3391.35
8940.18
2267.89
473.06
3683.31
8797.29
8515.19
4374.37
2318.38
7835.03
3156.71
2660.55
6959.90
9150.04
7525.18
5029.81
7134.32
8871.75
937.50
6921.06
2035.03
3843.89
3345.51
8028.36
268.35
8296.38
6130.79
8370.78
1129.88
4115.07
4364.11
5994.51
5461.63
57.48
5574.12
3373.03
399.64
9519.99
9366.35
532.73
4832.08
8945.96
6957.19
3945.06
6930.24
8788.40
4647.58
8862.81
6231.95
6912.12
2707.32
4423.36
1499.83
5613.71
5684.30
7286.03
925.81
427.43
2236.29
4871.67
6976.18
4984.16
2527.54
2288.27
6330.73
1360.39
3076.43
5316.42
9430.30
9500.88
1309.74
9473.94
9928.68
1651.91
8341.91
5836.37
1574.05
6326.19
3906.29
8205.63
2319.52
3485.90
7785.25
7289.09
2610.77
6493.29
8230.72
9739.62
1462.85
6229.11
810.84
7972.94
4213.39
3717.23
5416.49
2910.95
818.25
281.12
2697.69
7585.23
4230.57
9122.15
76.21
1799.44
6565.70
6985.31
4147.41
387.86
6564.93
9840.79
6381.19
6316.16
2260.96
4365.47
6102.90
8168.66
5712.04
9266.19
9515.22
3366.53
2573.79
1779.76
3410.17
7524.05
4600.52
3524.55
9786.40
1595.26
4785.49
2692.79
4758.55
9735.75
3764.00
1584.52
5316.55
1175.72
764.34
8344.44
2643.79
6757.67
8388.08
713.70
6890.76
4898.16
7501.30
1055.45
5479.18
7202.41
9923.43
2027.94
7630.21
4788.06
6978.20
4397.19
3901.03
9798.96
4183.94
3602.15
1145.52
3211.28
112.23
6352.68
8161.54
2932.99
2461.43
1581.77
1085.61
7326.06
1923.94
1770.30
6108.40
7917.26
1349.91
6241.49
3229.36
7774.37
5354.46
9653.81
7561.11
5398.10
81.61
4109.86
4266.08
4946.24
61.54
10.62
1733.85
6933.45
2831.38
4567.35
2025.10
1528.94
5828.29
8899.10
1572.57
8629.74
7926.45
8082.66
3599.31
7713.19
903.42
2712.28
9316.65
5853.68
2496.03
7972.56
4999.18
7581.69
8955.20
2983.46
7368.44
4862.90
4257.13
4937.30
1963.92
2241.41
4050.27
8730.90
2028.16
5311.21
1637.29
1055.50
5097.95
8425.67
3403.48
9262.65
3376.53
8268.11
4212.91
5398.65
8695.91
9201.84
7109.14
8739.54
8781.45
5318.48
4525.74
6851.36
8481.77
1035.83
6552.47
5394.44
1377.99
7237.17
7340.47
8401.91
6949.61
5324.75
7514.89
1814.24
5111.49
9118.35
4720.63
2579.01
1609.33
2375.12
648.92
6889.37
9842.64
692.56
6676.12
7480.58
1120.36
2666.45
8268.73
3382.70
5572.84
1432.01
9376.03
5705.93
5.28
4119.16
5749.57
6554.03
4943.29
2850.59
6133.64
7849.68
318.11
4130.66
114.22
7972.60
3917.41
8583.15
1880.40
6179.75
8369.89
1802.54
1965.95
8502.98
6667.17
7471.64
9187.67
1656.10
3165.01
8767.28
6625.67
2570.47
6234.80
4695.58
8994.93
1185.07
2139.13
6630.72
4677.45
2841.65
1981.57
7840.74
394.80
1074.96
4350.82
8379.08
3981.35
258.52
870.05
7110.50
7359.54
913.69
4663.65
5343.82
7423.78
9528.28
5130.56
7522.19
8810.07
6314.70
342.95
1716.46
2222.39
5293.21
8483.44
292.30
262.78
1791.05
7307.69
9387.65
1492.16
2257.96
8414.99
9562.07
3861.42
3365.26
4531.64
875.46
3946.28
4657.92
6466.78
4288.45
651.24
6046.39
1280.49
230.85
911.02
5229.95
8215.13
5304.35
7408.85
706.11
1212.04
7195.60
7473.09
9281.95
5179.88
9304.31
9984.47
3734.44
7288.59
1331.04
3778.07
7075.33
7879.79
4205.87
1021.19
2830.05
994.25
7344.30
5993.34
5581.96
7772.10
7339.91
9444.41
7905.19
2204.54
2156.31
510.06
7155.40
140.59
296.80
9334.31
9490.52
3518.78
9121.05
9398.55
6425.17
5888.03
5391.87
1289.80
8794.43
569.15
5683.12
7491.99
8553.43
633.39
9352.39
2059.29
6656.50
5862.47
2102.92
1606.76
8683.23
1215.90
2867.70
4676.56
2840.75
8210.46
8547.44
4686.63
8558.09
4870.06
4974.77
5587.16
6933.15
7681.23
2172.82
531.40
780.44
2392.91
8828.60
7445.59
3240.79
524.40
1374.31
9474.54
3308.71
7180.17
5797.16
9249.97
1697.09
5932.47
304.71
9871.93
682.33
7739.49
7548.48
9979.04
8459.97
2255.96
2064.95
9512.89
690.02
4143.49
1216.41
1090.88
934.00
1959.79
8291.91
739.04
8308.28
738.84
8093.87
4343.82
2824.75
5064.74
7376.38
5626.21
5388.40
9502.28
7167.16
999.87
3985.06
2311.72
1444.81
7428.36
1919.96
2001.19
3965.11
9863.04
5658.24
1603.05
8833.78
6413.88
713.23
4827.11
343.76
1055.39
7855.00
822.47
6617.68
9064.80
9016.57
39.27
9179.18
7343.38
1385.83
6817.12
8811.44
620.31
6518.23
1612.90
8258.24
6269.46
725.87
4682.69
2037.73
2193.94
7710.58
1824.47
5014.70
8982.85
5587.22
9594.16
224.48
3778.63
7147.31
3045.24
3895.16
4785.25
456.16
8969.71
5455.25
7923.68
7490.91
1533.36
951.57
7277.65
560.70
3857.96
3320.83
4590.00
4314.96
5362.06
6630.63
256.21
3553.47
4098.15
3284.10
4814.40
1354.81
4630.67
8658.92
9424.72
9495.30
6850.33
892.79
5263.56
8196.90
4056.07
9171.36
4062.94
1050.81
5802.95
7907.46
5412.08
8623.71
813.85
5113.20
4617.04
2417.31
8019.59
1041.49
4837.49
5694.24
8679.42
6305.55
8495.69
1707.31
6419.94
4241.60
261.88
6121.05
873.19
3063.33
8922.50
9986.16
2798.58
3510.22
7624.10
1923.45
9503.54
2488.73
9993.36
4783.59
4762.99
7340.77
3945.14
8995.15
7207.59
2925.29
4641.33
2463.00
6905.51
6701.27
9984.32
834.24
3024.38
2785.77
6425.56
7590.37
3573.93
4894.48
496.76
4368.22
2532.42
3298.22
4411.86
2665.51
2914.54
9154.99
2452.25
6077.83
2061.38
9919.77
5864.57
6926.02
604.46
8043.48
3021.29
1185.48
1951.28
8228.45
6135.75
9418.80
5329.47
8626.72
2633.58
8235.86
6094.24
2039.05
8368.95
1179.90
2553.41
3357.87
1522.07
2895.58
3401.51
1308.81
1364.51
7309.31
294.50
6314.77
2052.44
9910.83
9478.06
1753.55
338.63
6579.08
6828.11
382.26
9918.02
7498.11
5662.31
6552.40
4599.13
9713.11
1903.25
7762.42
7865.73
8927.17
6431.80
5850.00
8487.69
4698.32
214.96
6577.76
4399.43
7889.61
6139.44
2590.84
5959.52
4123.72
5898.44
3317.44
6614.69
7501.90
3104.18
3159.88
1409.70
2089.87
4870.36
6274.33
4479.50
3197.17
9180.72
2134.00
9555.30
4605.31
1209.68
6640.96
5846.94
9279.59
1591.23
9010.22
8514.06
2852.16
8796.97
776.41
6759.96
8825.72
7877.43
4671.35
4920.39
3084.58
664.68
7741.15
8054.15
244.29
5184.70
4688.54
9458.61
5317.78
7507.92
9502.25
1311.11
692.60
2408.64
3573.46
9557.01
9317.74
3915.62
241.70
6618.97
9586.45
9090.29
1326.46
5561.84
8409.54
6728.00
9407.65
3075.23
7654.59
9630.22
777.29
4267.48
7894.52
130.69
2442.32
9673.06
6318.40
1413.07
1299.56
4127.96
2292.15
8260.93
6168.23
39.69
5898.86
1694.07
5145.59
6778.68
3019.13
5466.25
2821.29
7536.05
5116.14
4704.77
1245.17
6359.14
4420.71
8292.17
1846.32
9946.55
1095.00
4379.20
3897.03
4507.32
9259.46
9506.30
4136.95
203.25
4074.71
1896.38
7950.79
9441.76
9986.45
8829.87
8761.02
7780.02
7800.62
5084.13
7531.25
1766.63
6224.50
7854.91
3650.11
4415.91
7206.89
3447.34
6937.52
8.34
7427.34
4141.31
1806.19
3957.58
3546.20
8596.21
3276.83
2153.03
5643.21
3464.88
7678.87
5881.23
9076.35
7278.72
242.51
315.79
2641.41
2055.80
67.02
1875.88
1807.03
4619.44
5683.11
1788.16
230.91
3442.54
4021.36
3588.59
489.54
149.59
2143.92
7575.20
1617.66
2452.69
4688.86
6062.37
1857.58
9833.51
807.72
1487.89
5359.35
8999.13
892.78
310.99
5703.61
2605.84
7357.99
4003.33
7174.25
8322.70
8486.11
2455.67
5647.22
2930.82
8726.03
4585.20
5732.27
6363.96
1632.20
582.56
3029.68
9270.13
3505.52
3267.71
7381.59
5389.00
4097.66
1918.17
8974.67
868.32
3090.41
4827.84
8623.84
6897.64
3349.04
6628.27
9820.59
5875.00
3851.73
4637.68
5786.12
6572.08
126.23
2954.62
2614.68
2203.30
4354.69
6421.90
9734.95
6897.05
5268.38
8551.43
2298.60
6062.67
8875.09
4670.29
1464.22
3357.86
3277.12
7233.94
4931.50
4745.18
4405.24
6399.56
5016.55
1036.82
4663.86
8944.51
7319.65
1191.11
4089.16
4020.31
5743.54
495.68
3254.78
6031.68
1826.89
7429.17
7360.32
2150.55
6748.42
3548.03
5784.20
3278.66
8030.81
4305.39
1102.01
6704.29
575.75
1425.67
2230.13
2823.15
6013.38
2553.79
7305.93
9114.79
1524.53
9018.99
912.64
2403.61
5893.80
7040.87
151.15
1380.97
4050.45
5319.02
2738.02
9452.00
1280.52
1541.45
8825.05
5624.66
2681.83
36.86
107.44
1916.30
1504.92
7779.51
3714.15
26.11
5454.16
6602.60
9708.52
7334.65
4651.02
6374.25
5962.87
8495.53
5779.13
9807.39
7433.51
6017.16
131.04
2578.16
3552.38
4613.82
668.23
8832.42
6116.02
229.91
4618.13
961.95
2110.40
8130.67
4405.25
1220.58
880.63
1036.84
8391.87
2348.69
3839.67
4504.12
955.52
6750.72
2695.53
8490.73
4388.66
2014.79
8728.76
5890.86
8041.57
3558.21
7772.20
1069.46
1648.28
7960.24
5586.37
7690.88
7279.50
9430.89
1498.10
9078.20
6135.36
4506.69
7789.74
6373.39
5300.99
8113.40
1250.72
7698.30
4860.40
9095.78
8631.54
1390.64
6142.79
7866.02
7797.16
3780.72
7270.90
5435.10
1403.87
7387.43
4742.46
2368.59
5353.78
8843.96
9073.06
4445.25
1728.85
5964.23
679.00
9995.37
6029.62
5960.77
2015.18
1239.88
7035.09
2894.26
8689.47
4673.02
641.80
8805.99
1253.11
5367.00
8004.69
5338.22
6660.23
2797.97
8903.02
2271.71
2779.10
178.79
7673.25
7261.88
7264.45
9417.30
1140.53
8805.41
7176.73
545.42
6216.33
7971.03
5946.96
7580.06
8345.86
8277.01
6186.88
229.34
7584.37
1883.72
7315.00
9518.55
687.15
3134.27
8565.56
8496.70
4098.98
2372.78
7870.12
2189.05
5381.37
2955.96
6510.11
9338.50
1147.37
735.99
738.57
2390.37
385.88
4685.23
997.19
9097.42
470.93
6608.66
2125.31
399.11
6725.19
4008.79
8244.17
5663.17
8854.72
3606.86
9466.03
7825.46
9113.34
7213.57
853.35
1016.76
241.46
8491.29
1981.47
3042.92
6495.72
7261.52
3056.73
4687.13
6580.78
3380.38
3141.78
6036.17
3701.05
5509.91
262.05
6121.23
4395.02
3619.73
4211.29
5359.74
8849.92
5090.37
2406.74
4129.97
3718.59
6372.75
6134.95
248.83
7532.43
3772.88
569.50
1335.29
2309.51
7235.22
4261.84
573.81
4873.15
2228.18
2041.87
2044.45
3696.25
5834.90
3842.30
2303.08
403.30
3957.45
7828.92
726.96
9232.76
9909.11
9497.73
7077.83
6613.58
9147.62
8267.96
5622.99
5779.21
9232.67
7506.47
3108.75
7322.74
5351.54
8634.59
9484.51
5102.77
6826.00
3484.17
9136.38
6801.26
1210.21
8735.66
5046.96
2868.63
6358.81
2684.89
5877.21
9160.27
876.30
6671.51
9483.92
547.59
1223.93
9235.16
3470.54
8185.30
3527.03
6355.43
2214.60
8009.81
3612.09
7483.55
1453.11
1702.15
8014.12
2694.74
7744.75
7333.37
6352.37
1551.98
3863.61
5757.26
4474.93
9975.86
4364.08
5997.18
7019.87
2815.08
2577.27
4767.41
3138.74
215.21
4450.59
7726.45
6745.45
1497.59
4987.77
3237.60
2462.30
2625.71
6595.27
85.46
1232.53
3226.86
9882.68
4634.82
9510.69
6929.68
1165.06
8448.67
6722.46
6289.69
5495.67
7687.18
4744.34
4505.08
4734.18
6457.41
6388.56
1990.83
5862.30
4026.49
8518.08
9025.48
1215.61
8841.74
1826.93
5317.11
5546.22
9916.99
7200.59
4555.62
8940.60
2.05
7357.08
1742.06
1575.68
1303.74
5099.73
3043.75
6497.22
1370.09
4924.24
5588.69
2040.09
1971.24
8511.64
3368.72
2387.72
395.12
9813.33
5033.76
3197.95
9252.36
4004.50
6109.01
3735.13
7849.02
5132.62
1373.07
9088.45
6372.05
485.94
8493.34
4462.12
774.08
1023.12
590.35
8412.02
1902.20
152.03
6502.08
8949.20
7113.40
8922.26
8510.88
3301.11
8241.52
9904.65
4276.88
724.46
1788.13
7285.47
1518.76
7189.67
5289.90
8587.16
823.33
6254.61
7906.41
130.69
2125.02
1785.07
6762.27
8253.25
6353.48
6860.87
7259.09
7592.91
8656.57
8990.40
2180.63
8980.23
8741.63
634.61
3341.51
5271.87
4860.49
1135.08
7069.72
3381.69
8809.73
5121.70
5285.10
4852.33
1199.81
9729.82
9318.44
1851.10
9134.71
3162.96
789.08
6772.64
5046.44
6069.13
1864.34
3237.85
1338.08
4892.23
6785.87
4365.97
6775.71
8584.57
3336.71
9577.16
8905.24
1976.06
5466.24
6316.16
8420.66
5704.26
3954.09
7444.27
8505.72
6865.15
2724.32
8519.53
9893.04
2129.21
9484.24
9246.43
1693.47
6445.61
5250.24
2.38
1632.79
9733.02
326.04
3951.62
1980.42
5851.88
1454.16
1731.65
750.65
1205.39
3098.37
155.54
9573.75
7581.15
3598.84
1457.23
74.22
2274.90
3423.35
3586.75
5077.73
4664.98
2193.58
8797.95
3847.96
8271.69
1825.84
9926.07
6238.03
2258.31
8532.89
6476.91
9930.38
5725.58
7355.99
9198.31
7205.71
5408.08
2955.70
5101.54
4639.03
672.73
1964.92
1862.87
2825.27
3573.35
7655.41
2219.42
6659.35
530.82
3723.13
9691.91
7856.11
3076.53
9790.50
174.45
9883.80
3974.86
2075.09
535.87
1114.69
7562.27
7150.89
3119.67
1026.97
2710.87
4084.38
9879.59
1182.30
7786.67
2836.68
4903.89
7094.03
4720.16
1114.83
5487.07
2842.10
2998.31
1615.30
7410.51
7172.70
9619.73
7648.53
1138.72
3291.56
7087.56
2882.76
9334.16
2613.40
8284.31
1652.99
7758.05
7689.20
6219.21
5807.83
2348.23
4757.98
2338.07
9395.24
6750.27
6820.85
274.32
8633.75
5917.35
495.26
4867.49
298.78
7456.62
910.09
6705.30
4993.30
1.57
8030.37
1520.55
5147.59
9532.57
4963.86
6389.22
8735.00
3179.24
3304.78
3883.60
2254.92
8594.32
4389.53
629.98
6716.91
5092.05
1418.13
4701.18
7998.44
6441.19
7729.07
283.13
1305.83
4239.16
8609.94
4212.22
146.86
8396.68
2994.56
574.65
8738.85
4707.63
7778.45
7849.03
1817.18
9062.60
6642.70
599.52
8849.35
6343.81
8669.43
7876.69
2853.90
8713.07
2826.95
5674.66
4499.27
4868.38
1667.98
9086.98
2157.80
4831.27
4037.24
3903.38
4615.02
5380.82
9751.60
9565.28
1288.51
1098.16
2386.04
2635.08
799.28
2608.14
961.89
8869.19
4803.83
748.63
4776.88
7710.22
3569.39
6123.45
1982.62
9645.36
5316.27
8575.35
4509.99
2417.29
6042.87
7416.38
5580.57
5829.61
2281.01
3133.72
3813.89
9834.16
1325.13
5281.96
7472.09
1026.25
4394.93
635.38
7536.33
5097.45
3347.28
2401.56
3167.36
9771.73
5203.02
9245.47
9006.21
4989.76
1993.34
1912.60
1032.94
8402.08
5858.46
1717.63
8153.32
5559.57
8092.24
5168.71
2200.32
6499.66
2483.22
2243.95
9406.06
1510.56
1441.71
2207.51
8142.15
6391.97
8115.20
1048.54
9212.73
9461.77
3015.92
5206.06
7446.05
9162.09
1630.52
7232.79
5152.42
3059.72
8918.90
6862.91
7924.36
6472.05
4847.19
7037.33
1336.68
4633.93
8640.79
4364.57
2101.45
1668.68
874.65
171.36
6411.81
6660.85
215.00
3374.72
7780.52
3639.69
1913.49
3287.00
3847.89
4231.83
6905.30
8416.29
3466.30
8146.93
1444.18
4727.24
1053.32
471.53
9677.50
5917.95
6981.61
7315.43
4473.88
5620.96
1480.13
9424.15
5322.07
9033.28
2244.90
4435.04
8734.39
7195.17
5295.40
6925.80
2599.51
8458.68
8272.37
5627.40
8245.42
2116.89
370.53
4669.88
4409.26
2573.46
3377.92
4751.43
1355.80
3164.66
3308.13
3154.50
2915.90
9156.35
8660.19
2495.51
332.50
9921.12
1729.98
9894.18
2722.58
9367.92
6525.76
4553.79
1972.79
433.56
2538.07
164.20
4278.08
8234.90
9950.94
5539.02
6304.81
7418.46
489.28
6348.45
5488.37
3310.04
3901.60
5189.48
9303.37
6722.36
3259.39
1908.24
751.66
4086.21
2336.04
7261.75
1290.00
3927.69
5528.27
5862.09
5258.90
8329.72
4188.89
209.16
8030.83
1742.04
3029.92
8825.13
4769.93
7755.12
9613.28
5472.45
1146.16
2776.57
9833.73
9337.57
5578.02
5827.06
9038.68
6924.59
8647.82
5548.77
2451.01
3598.08
6233.46
8042.32
2380.42
2226.79
6599.03
6252.78
4502.61
9100.48
6680.58
3284.95
2502.63
8197.52
7383.47
8013.78
1225.41
3461.58
2965.42
4026.86
2574.55
8245.46
4821.16
765.96
7027.81
5609.31
3028.31
9742.28
4425.79
666.24
170.08
4469.43
6659.57
6594.54
2539.34
4643.85
6381.28
8447.03
5990.41
9544.56
9793.60
6105.57
3389.08
2595.06
3014.67
900.58
6417.22
4361.24
601.69
2410.55
1999.17
8793.10
6998.27
325.98
5411.50
1862.90
112.72
9167.01
4769.29
7580.24
8953.75
7053.98
608.13
2933.75
2376.56
5568.87
8937.56
2491.71
6915.44
8638.67
3838.28
5942.78
6708.58
8702.91
893.05
5833.45
5251.66
1235.21
5534.56
5038.40
2838.68
4647.54
9399.68
1030.09
7117.01
102.20
7090.07
5101.29
9215.18
3514.52
4888.04
9258.81
6420.91
8732.55
3846.53
4612.32
407.53
6647.98
2702.39
524.06
6544.33
2403.50
7155.64
4802.39
1042.84
6838.05
7603.85
794.08
4907.96
9207.31
8711.15
6376.03
2113.70
1531.91
4360.31
1348.17
2773.54
353.63
7772.63
5679.93
3516.92
7559.37
2589.03
3300.67
4066.47
3273.73
8250.93
9974.16
2127.01
7986.18
1320.73
2811.70
1293.79
8958.67
7676.34
1045.02
7285.47
5229.49
746.13
7072.21
8050.25
3652.52
6899.18
196.44
7615.43
9805.57
2997.89
1459.95
9920.73
465.41
6410.21
5998.84
3493.30
997.93
5026.18
5791.98
5862.56
9976.44
7260.04
9707.08
4564.16
423.33
3614.88
5266.68
7418.07
7006.69
9111.20
6615.82
4990.97
7181.11
1480.46
984.29
8784.57
4386.85
182.05
1812.46
2061.50
5046.68
991.49
4862.95
8074.57
2787.19
8892.25
4480.33
425.13
153.18
4267.07
1893.19
5921.45
2458.48
9877.47
3991.36
4061.94
3721.99
5459.42
1318.60
3508.73
3443.70
431.57
9933.19
438.44
7857.44
3840.99
8076.37
7644.18
9748.69
4948.29
5628.46
7818.60
9812.92
1621.78
6943.47
7450.86
819.54
4373.69
6563.83
5684.17
7175.15
8031.90
8712.06
1724.07
8175.47
8424.50
6588.70
7962.21
9109.20
7016.50
2951.14
8895.94
1881.13
1021.05
5857.31
2675.43
5487.84
687.44
2462.17
9881.16
6595.14
7742.21
2682.62
8024.35
3331.34
233.57
1744.57
9239.03
4265.07
2086.74
8055.51
4381.59
3799.80
3005.78
9246.23
7831.30
3690.47
5880.61
7532.41
3477.21
7141.54
5602.32
1946.14
7929.70
6647.37
16.05
5913.98
4200.52
9717.16
1907.30
7021.28
2623.55
3510.76
1971.54
2776.00
8411.26
4621.88
5909.76
6158.80
4323.00
80.33
7795.72
7642.75
2432.98
7546.95
9355.81
4036.44
7333.69
8138.16
4464.24
3882.44
7924.90
9328.87
392.53
6251.70
505.02
9972.14
6038.45
9702.78
3000.03
5665.26
3572.55
5202.96
8571.65
1556.83
2756.11
3436.28
7550.16
8261.80
3778.44
6675.03
7962.91
1331.60
9495.79
6032.82
1375.23
4446.05
3500.34
9445.14
7266.81
1945.30
147.66
5821.37
7451.78
6657.75
686.00
8592.15
678.72
8183.35
2973.58
5266.44
1211.24
1755.92
216.70
8678.76
9825.83
6539.81
3629.02
9526.95
1934.55
7451.19
9641.33
1635.66
7237.93
1244.79
9705.57
9868.97
8118.80
9406.68
553.67
6537.22
4395.61
340.41
1401.85
7302.00
7581.80
4936.83
7173.00
9343.01
2708.90
8504.10
4106.38
1906.66
1410.50
5709.84
7899.98
6275.13
1301.16
3405.67
5143.10
7208.86
3192.41
8306.39
115.25
9616.87
4299.71
6539.70
5725.61
4443.28
8485.74
932.77
1544.30
5843.65
3423.75
7968.76
7299.82
9848.20
7203.23
9821.26
9409.88
6989.97
4408.97
8662.29
6912.11
9152.10
6732.20
3336.57
983.32
1694.96
4765.78
734.55
8898.75
6478.84
435.66
8685.49
5261.19
6026.98
5234.24
211.45
6070.62
1744.33
3032.21
3623.77
1445.44
9025.53
6444.53
1578.53
9949.08
7232.68
6424.46
9700.32
5216.96
7771.02
9401.43
8524.57
518.89
1665.97
128.03
8588.80
693.31
5078.29
5689.82
2039.88
7899.05
5843.07
4873.38
2849.31
7186.64
3512.72
3676.13
2136.91
8377.35
1746.04
5300.19
5930.51
1447.15
6646.76
8369.99
9517.06
2554.45
3320.25
1120.52
624.36
4581.19
7113.85
325.47
5265.88
4983.79
6635.59
8859.86
4684.90
5748.56
6771.25
1194.99
955.72
8117.82
222.33
3862.11
7818.93
9.07
5123.05
6931.91
8335.88
73.31
9196.45
9267.03
4382.32
241.49
3174.83
7203.08
1588.06
9082.52
2153.34
9572.34
7152.44
3756.81
5565.67
5934.78
4098.97
7971.01
5978.42
5275.12
4481.10
721.55
225.39
7644.38
835.93
2487.73
8432.54
537.04
9931.28
4981.29
9405.02
8001.19
9724.42
9538.11
3908.88
1070.99
2701.39
6815.28
5935.62
8694.72
761.14
8769.12
873.63
5730.71
3634.35
3221.60
6775.75
8965.89
6042.36
5888.73
9845.55
2035.69
4671.07
5436.87
2720.38
9621.33
1344.56
9230.47
2442.09
2691.13
8931.58
8435.42
5854.42
7001.49
5337.84
278.25
5068.48
9925.56
5784.73
6415.04
9969.19
8069.42
1366.68
5474.88
5723.92
1964.37
3028.03
8544.68
4870.76
2729.14
3494.94
2338.28
799.05
5098.40
5050.17
1501.57
49.27
780.93
8945.12
2313.81
3601.69
6498.27
2014.92
1154.84
9319.03
84.83
3676.27
6973.53
1272.87
3463.01
6674.64
385.85
6283.77
5229.20
966.87
7418.27
5151.34
5831.50
2492.83
657.02
8703.76
2414.97
5626.59
7816.73
2116.08
576.85
9004.78
9770.57
7934.77
7074.69
2591.33
5487.92
6775.80
2513.47
1458.90
2520.34
8589.44
6964.58
9154.72
3454.07
6751.33
2906.99
8423.64
613.78
5727.75
6493.55
4140.98
678.02
1482.48
9646.67
1020.18
1526.12
5238.79
7942.76
6591.80
4413.46
433.74
6292.91
1966.61
7719.42
2802.99
6831.25
8547.28
1830.34
9737.64
9808.22
1617.08
9781.27
3271.46
4418.53
9532.51
1341.37
5679.47
6527.24
5215.03
9514.38
3628.26
5868.25
8627.36
1612.54
5102.73
1428.81
3080.61
4889.47
2689.74
2193.58
4811.61
344.24
9551.50
8757.47
6251.94
4501.76
1578.23
159.74
2032.56
4137.07
81.87
1733.68
3542.54
8864.22
8368.06
2667.41
3814.48
3232.69
737.32
4990.63
3154.83
6088.16
7811.39
4501.39
1995.86
2099.78
7.08
5261.81
2680.80
2184.64
8425.09
2467.55
1885.75
4121.92
1494.89
6247.03
4636.29
8126.48
9080.53
1270.67
5227.50
8867.28
971.78
3297.41
7894.62
7481.87
3341.04
1400.48
2080.64
4613.31
6265.11
8073.97
5874.24
9171.50
9677.43
5660.99
5079.19
7713.20
3229.85
7686.26
4762.73
2342.83
8947.20
5484.23
3946.29
7017.11
349.46
4734.44
7719.63
8609.72
240.13
4354.01
8653.36
26.87
7763.75
1559.75
7494.39
565.21
6424.38
2237.52
5877.30
6681.76
2922.21
6219.47
6764.15
2708.96
4688.40
5454.20
1694.65
9638.66
5497.83
9247.80
2459.42
6844.40
1738.77
9902.97
5923.24
6603.40
4853.23
8136.28
9509.79
2320.75
7923.03
1113.26
5227.14
5907.31
8107.99
8633.89
4959.97
5123.38
3584.16
2427.49
3193.29
5187.62
7377.76
4661.36
9032.14
9817.24
3688.70
1938.53
4385.65
8413.90
8570.11
293.34
8200.64
1390.87
9990.54
6594.91
4175.01
6415.00
3369.66
6944.63
9498.69
5357.86
8291.20
2661.98
8264.25
4198.89
2448.72
4688.71
2268.80
433.00
4545.73
1344.49
4154.76
6790.14
2773.69
2937.10
6576.88
8681.39
1007.01
4561.16
5191.48
1050.65
2114.31
8012.24
3957.04
1815.42
2962.50
1424.56
9885.33
6125.78
6374.82
7523.27
2116.12
7718.40
9712.72
1902.86
2583.03
8825.70
9887.14
136.18
3690.33
9673.89
3299.47
3269.94
9931.27
3086.21
3021.18
4830.04
740.70
6328.78
8044.82
2001.64
7116.93
8747.34
2116.02
280.22
93.91
9473.94
2771.19
3315.88
4424.20
9195.65
1385.79
7244.96
5188.98
1429.43
8591.53
8009.74
9499.34
7289.09
616.80
430.49
4313.01
2562.83
1617.12
7219.40
9092.23
1196.73
7141.54
3076.18
6147.00
8025.29
299.63
6244.44
2039.64
7556.29
1648.78
23.92
5109.44
6513.41
9810.66
6795.54
2084.60
3893.46
4036.93
2201.12
4009.99
6301.47
898.68
2045.76
6345.11
5848.95
7742.59
5579.58
7109.88
8918.74
5159.19
5179.79
6556.68
4910.43
4862.20
1865.78
3012.86
7610.07
6816.05
8920.55
4120.16
9636.80
1826.94
3821.27
5630.13
3430.40
1891.18
2054.59
8380.67
7798.88
4960.98
1201.43
9145.44
5004.61
900.40
2411.39
8270.56
4065.77
5439.28
9064.86
7111.59
5361.42
8644.47
5181.51
4388.76
3594.74
5225.14
8334.63
3936.90
214.07
8121.37
3980.54
3120.46
6105.65
3692.98
6904.61
9094.75
6513.74
9723.99
5861.73
1464.00
1122.90
3016.55
9730.52
2920.75
3686.55
9481.76
5340.93
7531.07
9182.87
5127.67
8792.00
7443.35
9786.13
7016.87
4004.73
820.06
3010.19
8869.37
1247.85
3694.89
7737.34
7155.55
3481.63
5721.62
61.94
9906.09
1714.95
6828.92
2812.48
4535.71
6615.66
9721.58
6883.68
437.83
2627.97
6927.32
6431.16
6192.56
2433.01
377.02
6236.19
8426.33
3197.78
9142.59
4955.73
3119.92
700.02
9820.36
1311.33
1560.37
785.07
9865.89
199.71
9254.00
3815.43
3649.06
1656.46
2422.26
6450.51
6606.72
8329.95
7797.08
3656.25
9676.52
7840.71
5420.81
5182.21
3432.03
9366.67
4968.95
1499.02
8661.12
291.52
2845.58
8362.23
7844.67
5666.34
7475.20
2709.31
616.61
4242.19
5615.70
9643.95
4028.93
5177.38
1112.01
7056.82
721.15
9181.93
9235.73
9377.06
7541.25
1031.43
8938.73
9009.32
818.18
8982.37
8122.29
8802.46
8733.61
923.74
4880.57
4726.93
1803.40
6679.26
4843.46
4604.86
2184.95
4594.69
6436.07
9626.30
5382.84
6187.31
2427.76
1931.60
5888.42
4138.24
260.92
1378.38
967.00
974.56
4620.95
565.76
2632.97
213.07
4512.42
8626.30
5909.90
7313.87
9181.96
1421.95
8791.09
5606.41
7415.28
3655.73
3244.35
5053.21
167.18
1941.91
6656.67
5117.45
7221.95
2162.36
1666.20
6346.82
1949.10
1245.81
1316.39
4126.66
3850.68
5224.19
5387.60
1713.68
1131.89
978.92
9143.11
5163.38
1022.55
5136.44
5279.91
3928.94
6397.37
2934.40
1396.46
4467.28
6097.69
6346.73
7495.17
9002.52
4986.07
5964.10
4353.36
2970.35
5750.84
7154.81
5359.98
8272.28
9645.79
3271.37
3864.39
4668.85
909.30
6043.30
5183.22
1042.39
3596.45
5226.86
2388.96
7418.62
3363.43
9298.06
7205.36
2145.77
9725.86
7890.06
8139.09
4590.49
4400.14
6123.37
4512.63
5576.30
1474.22
5859.20
5277.41
6424.48
2407.95
783.09
732.18
4700.33
2864.52
8884.79
4401.44
4211.09
1705.55
911.53
118.78
3970.09
8355.07
7773.28
3756.84
7382.42
5429.15
8064.53
9873.39
7104.13
4473.27
5153.44
8935.34
3043.55
7086.00
3955.03
94.23
3546.24
9148.51
5083.15
3959.34
8258.69
448.83
4002.98
4807.44
2714.74
2785.32
5009.60
2758.38
9194.06
9874.23
2509.61
537.64
9657.98
4340.83
3876.59
1456.68
9620.88
4218.75
1018.36
4208.59
6017.45
5519.07
9158.85
9963.31
6203.76
5707.60
9664.43
7914.25
6968.54
7734.34
7943.00
3059.29
2181.27
1301.61
6732.90
7045.90
4208.00
540.12
6679.32
7566.52
863.78
1668.24
7994.32
3665.23
6948.29
8664.33
1132.75
6735.03
6666.18
6319.93
8645.55
7852.81
8584.47
6089.10
5507.31
1490.86
5323.57
3145.24
3394.28
5024.69
9655.33
2328.80
1534.77
5563.02
7279.06
4355.53
8469.42
2768.76
1350.27
9514.46
6676.56
4171.03
4102.18
5911.04
5412.66
9052.44
2335.49
8319.05
8079.78
2122.24
286.43
6862.13
7627.92
4911.44
1812.39
7671.56
1421.52
4633.15
6226.12
4047.79
1627.88
9046.88
2117.70
3231.35
1848.33
9792.35
6032.80
1635.08
2613.11
8939.19
9102.60
2399.85
3803.82
7172.51
726.66
4061.21
9663.48
7827.68
4849.36
708.53
6382.24
7670.12
2055.10
6083.35
2620.38
1082.44
4274.76
7643.44
3883.89
5621.33
7687.08
6374.87
2979.24
4788.10
2799.33
2092.21
8543.61
2721.46
4384.59
6278.24
4115.23
2022.53
2185.93
3901.97
8446.98
255.84
326.43
4440.31
3470.62
7427.45
6931.28
4350.28
6540.42
94.57
9300.54
9288.29
2359.11
4165.78
5312.85
4621.46
2201.55
5124.72
9649.70
270.52
5512.03
8571.17
7470.40
7732.27
2119.47
2245.00
7233.25
8932.78
4820.89
7354.93
2246.51
8891.85
6465.11
2067.39
5938.85
4103.04
7593.23
5500.53
8690.76
7290.43
2042.57
9326.08
91.88
5887.09
1746.26
1559.95
1393.57
5692.92
7883.06
2635.20
8494.37
4289.58
5663.09
9288.67
7317.47
686.15
6926.60
5387.38
9325.50
2879.65
9315.33
9995.50
5790.71
2116.79
9400.39
3428.64
1054.77
3244.91
60.23
6334.81
9115.31
176.75
2328.14
1916.76
3639.99
1647.40
4944.65
9229.12
7600.44
1350.40
2030.57
5347.98
6837.58
3914.05
3417.89
5654.06
3148.53
2737.15
8681.95
2710.20
5538.60
2526.47
9341.79
1531.93
8950.92
9458.32
1349.82
2980.22
7094.11
6856.30
184.01
1040.77
9657.75
631.97
7083.37
7332.40
5496.60
2780.20
4970.34
84.31
1893.17
4721.57
2885.77
4694.63
6761.84
6843.75
800.58
4914.46
5626.10
6306.26
9502.17
178.52
9232.81
2303.63
8162.80
3958.01
5331.52
5837.45
3744.75
7616.21
3475.38
706.12
2514.98
3226.62
8341.91
4201.08
4014.77
3848.39
8147.74
5502.77
9926.50
4976.51
4907.66
5587.83
6218.14
187.71
436.74
1724.62
1655.77
3464.63
8216.78
5500.29
6266.09
3082.01
9026.81
1855.21
5994.22
2133.41
77.43
1138.87
8643.50
8061.71
4045.26
4551.19
7848.45
5648.72
7457.58
2209.73
9111.96
4089.17
3955.31
9900.12
2728.51
2146.72
9651.35
1755.86
1344.48
7289.28
5147.67
6294.74
3196.98
3217.58
9458.03
9707.07
2918.69
5451.35
2527.82
2031.66
39.07
7478.09
3315.82
4377.27
5268.16
8595.87
4198.15
132.79
8382.61
9187.07
817.48
8724.78
8888.19
5560.61
3504.63
9745.08
5347.35
6325.39
2651.47
2814.87
6112.13
6216.05
4244.08
7798.23
8047.27
9108.71
4308.32
6031.55
2015.10
216.01
5818.29
3618.57
7853.95
179.57
4776.78
5923.86
6087.27
7803.30
7184.79
105.82
8671.54
2040.22
8491.62
5181.62
231.63
4569.73
4416.10
1492.57
8206.54
4532.62
4294.02
8634.34
8512.62
6007.09
2354.56
1308.75
6960.95
6689.01
8840.40
5968.36
9296.07
5941.42
5876.38
3245.53
2365.87
1869.71
9877.11
5393.76
9507.64
2697.87
4506.74
1111.11
7648.14
5748.37
9302.52
4830.49
728.41
4368.20
4531.60
5678.68
1835.72
2601.51
8841.96
6785.98
2302.62
6395.11
9606.74
9855.78
8410.75
7149.23
6289.15
4453.35
5703.80
6991.67
5241.50
8524.55
9898.07
6035.80
1552.44
4106.50
900.43
8062.53
2433.31
8538.36
1907.05
5461.20
9884.93
4934.94
1539.31
9067.91
8655.16
2209.31
4100.81
4608.21
7055.24
4217.34
8452.72
1642.95
7245.23
9713.66
4063.13
9529.92
7905.07
141.24
7721.33
5543.00
8407.76
9710.47
342.16
6879.19
6342.66
2013.57
3284.94
1829.83
1211.33
3020.19
1027.59
445.80
9651.77
1142.75
3247.25
530.85
4987.26
4715.32
6939.59
8933.92
4536.20
5721.94
4439.61
7468.31
5843.45
2169.54
496.20
3481.39
9844.19
3297.65
1156.04
4952.03
4765.72
8793.97
6298.60
3793.06
8545.21
4490.01
8518.26
8331.95
397.70
9864.83
5656.47
3282.60
6267.78
4472.95
1266.87
7062.08
2664.36
2595.51
4700.01
302.29
8503.20
4486.76
7976.94
6141.14
4237.99
3256.99
5892.37
7701.23
7844.70
6094.53
8819.17
556.60
3003.63
287.23
4401.12
2754.87
3088.69
4152.35
392.80
2201.66
4195.99
7649.46
3669.73
1833.92
5202.61
1654.01
1585.16
3394.02
2982.64